0.1248804978094995	0.999579459653665	0.0001602609336611225
0.12522829789668322	0.9999259238489299	0.00016028000583104203
0.12557609798386693	0.999727557808185	0.00016027004497452113
0.12592389853671193	0.9996906774585104	0.0001602514751899696
0.12627169815823436	0.9998746017033969	0.00016023726855664877
0.12661949777975678	0.9998830921858431	0.0001602257875709749
0.12696729227900505	0.9997325472215971	0.00016020685903884738
0.12731508631259203	0.9996157232484163	0.00016019183067988104
0.12766288639977574	0.9996537562411018	0.00016019100772611254
0.12801068602129817	0.9997329246696421	0.00016019372600105738
0.12835848703980446	0.9995229344072164	0.0001601749622937346
0.12870628666132689	0.9996611791470945	0.00016018073780221134
0.1290540862828493	0.9998595465490613	0.00016019455740956857
0.1294018868356943	0.9998714008008703	0.0001601927623396445
0.12974968645721674	0.9997683975025655	0.00016018498864663844
0.13009748654440045	0.9996741485661369	0.00016017506150167488
0.13044528616592288	0.9999535181874386	0.00016019719307093218
0.1307930862531066	0.9998090003004424	0.00016018534990866384
0.13114087469875813	0.999973953212963	0.00016020121961515203
0.13148867478594184	0.9995554367661396	0.00016017405996466479
0.13183647487312555	0.999889562075423	0.00016020684786606577
0.13218427496030927	0.9996996591188911	0.00016019865320164857
0.13253207504749298	0.999977787570526	0.00016022396971801357
0.1363578629679978	0.999749429731235	0.000160216526982991
0.1367056630551815	0.999966442274385	0.0001602296007078486
0.13705346314236522	0.9998145816798378	0.00016021526785567108
0.13740126276388764	0.9999775690247968	0.00016022559363354047
0.13774906331673265	1.0000014556067114	0.00016023451748438362
0.13809686340391636	0.9999309049043706	0.00016023456820906455
0.13844466349110007	1.0001218033795582	0.00016025612513618373
0.1387924631126225	0.9999074119710447	0.0001602471735611635
0.1391402631998062	1.0001742650076284	0.0001602736490104987
0.13948805164545774	1.0000350434081016	0.00016026690191162397
0.13983585173264146	0.9999205709636306	0.0001602656144324308
0.14018365135416389	1.0000763893930547	0.00016028107677098545
0.1405314514413476	0.9999019965627424	0.00016029516667508473
0.1408792519941926	0.9999275707692872	0.00016068506107518073
0.14122705161571503	1.0001900296365402	0.00016168414592622045
0.14157485170289874	0.9998621962243376	0.0001617567923890026
0.14192265179008245	0.9997342267595358	0.00016156918020769875
0.14227045141160488	0.999787472446479	0.00016208853119181518
0.1426182514987886	0.9998392012809523	0.00016159997937546352
0.1429660515859723	1.0000097922871818	0.00016058139681439628
0.14331385167315602	0.9999884980932577	0.00016034206743530314
0.14366164524108171	0.9998692297650317	0.00016034049333563572
0.14400943974032998	0.9998874854256544	0.00016031915192972905
0.14435724029317498	0.9998368073826919	0.00016029415088651369
0.1447050399146974	0.9999187628969833	0.00016030076582154644
0.14505284000188112	0.9999192612487976	0.0001602960618893961
0.14540064008906484	0.9998236576555777	0.00016028505556243074
0.14574844017624855	1.0000887422246008	0.00016030726448928095
0.14609623979777098	1.0000447794642962	0.00016035371750121953
0.1464440394192934	0.9997671385120344	0.0001603159833366384
0.1467918399721384	0.9999397568607946	0.00016033352194236465
0.14713963959366083	0.9999237026385369	0.00016030225192200889
0.14748743968084455	0.9997149720973924	0.000160256444516287
0.14783523976802826	0.9999359081482986	0.00016025213472714673
0.14818302867934108	1.0000925192284675	0.00016024501338479164
0.1485308283008635	0.9999752637928128	0.00016022073705047575
0.14887862792238593	1.000067293841047	0.00016021230654977446
0.14922642847523093	1.0000649187912773	0.00016020747262316117
0.14957422809675336	1.0000650666337216	0.00016021228039421454
0.14992202818393707	1.0001595880122451	0.00016018873720192962
0.1502698278054595	1.000197556016737	0.0001601773417609535
0.1506176278926432	0.999990331952165	0.00016015104636568113
0.15096542797982693	1.0000268696359393	0.00016015126616731852
0.15131322760134935	1.0004910661445598	0.00016018092857036356
0.15166102861985564	1.000253116153537	0.00016016228801370882
0.15200882824137807	1.000186518174726	0.00016015276246131286
0.1523566166870296	1.0000521880764397	0.000160140638250383
0.15270441630855203	1.0000486071379102	0.00016013760991609007
0.15305221639573574	1.000012730271576	0.00016013143921971823
0.15340001648291945	1.000031707091398	0.0001601327798016722
0.15374781610444188	1.0000556513667216	0.0001601331421393492
0.1540956161916256	0.9998409110721462	0.00016011584756683113
0.1544434162788093	0.9999938504066053	0.00016012763183080884
0.15479121590033174	1.0000943324743479	0.00016013611991733638
0.15513901598751545	0.9998216654761978	0.00016012009626871862
0.15548681654036045	0.9997577358950873	0.0001601194336099124
0.15583461662754416	1.0002529258685888	0.00016016169390296704
0.1561824162490666	0.9997901847994988	0.00016013341123771252
0.15653021074831486	1.0003421472157497	0.0001601790951589572
0.15687800478190184	0.9998431277956416	0.0001601450997906617
0.15722580440342426	0.9998641983249527	0.00016014946431665565
0.15757360449060798	1.000106615622528	0.00016017452577613605
0.1579214045777917	0.9999716353139607	0.00016016596976961984
0.1582692046649754	0.9999586257252457	0.00016017138710746064
0.15861700428649783	0.9997339156490764	0.00016015980379514201
0.15896480437368155	0.9998809074252866	0.00016018231279577602
0.15931260446086526	0.9999347287845528	0.00016020024268082752
0.15966040454804897	0.9999345502873527	0.00016021373163169303
0.1600082046352327	0.9998685010500711	0.00016021750786391503
0.1603560047224164	0.9998998159696869	0.00016022721372529794
0.16070379316806793	0.9999035480319385	0.0001602318900342777
0.16105159278959036	0.9997933391739315	0.00016022834945014945
0.16139939287677407	1.0000539819054024	0.00016025389636698987
0.1617471929639578	1.0001769640974107	0.00016027015369111066
0.1620949925854802	0.9996914700489227	0.00016023746216168826
0.16244279267266393	0.9999527026098867	0.00016026345071562265
0.16279059275984764	1.0003082136695107	0.0001602976871676807
0.16313839238137007	1.0001278256831898	0.0001602879346290528
0.16348619246855378	0.9995726291929276	0.00016029874885889692
0.1638339925557375	1.0001198636782236	0.00016090566440900926
0.1641817931085825	0.9997892801184416	0.00016229824190768888
0.16452959273010492	1.0000753576629926	0.0001630067782324956
0.1648773867636919	0.9999090109777032	0.00016226852723923746
0.16522518126294017	0.9999038443029896	0.0001622666964555049
0.1659207926131785	1.00021949412013	0.0001616498092737337
0.1662685927003622	0.9998515038986312	0.0001606063323698047
0.16661639232188463	0.9999516467000631	0.0001603256816276574
0.16696419240906835	1.0000264305634357	0.00016034883925680572
0.16731199203059077	1.0001904936055306	0.0001603485067753804
0.16765979258343577	1.000103186737527	0.00016034818544765657
0.1680075922049582	1.0000061054937532	0.00016034708577379042
0.16835539182648063	0.9998191848656768	0.00016033286618278244
0.16870319191366434	1.0000131608291258	0.00016034856478397053
0.16905099246650934	0.9999473941854687	0.0001603491740327555
0.16939878091216087	0.9999274250500867	0.00016034691695452719
0.1697465805336833	1.0001573671205892	0.000160363044778418
0.1700943810865283	1.000113713890776	0.00016036425249170446
0.17044218070805073	1.000259057779179	0.00016037425779205527
0.17078998079523444	1.000083761103582	0.0001603604789357479
0.17113778041675687	1.000106018403122	0.00016035993330400217
0.17148558050394058	1.0000365469420562	0.0001603545179121767
0.1718333805911243	1.0002153240540415	0.00016049623076683174
0.17218118021264672	1.0002327269502398	0.00016037849616782425
0.17252898029983044	1.000078220676366	0.0001603250850423448
0.17287678038701415	1.0000435197346869	0.0001603119962766943
0.17322457442060113	1.0002231963899761	0.00016032324223970657
0.1735723684541881	1.0000233110014647	0.00016030561826984086
0.17392016854137182	1.0001673896643204	0.00016031611207791794
0.17426796909421682	1.0000016914366183	0.0001603043643141221
0.17461576871573925	0.9998525706698359	0.00016029462256368033
0.17496356880292296	0.9998851622799647	0.00016029619094026827
0.17531136889010668	1.0003037352664126	0.00016032949095340658
0.1756591685116291	1.000163583536433	0.00016032121177374323
0.17600696859881282	0.9999923996212439	0.00016030736738307274
0.17635476868599653	1.0000322744401942	0.00016031166009177034
0.17670256877318025	0.9999402707916294	0.0001603062847332088
0.17705036839470267	1.0001480877814957	0.00016032751822664143
0.1773981684818864	0.9999689914138155	0.00016031937046823069
0.17774595692753792	0.9999876546778117	0.00016032679250648947
0.17809375654906034	1.0000449492528547	0.00016033693559643446
0.17844155663624406	0.999669583754736	0.0001603138021708782
0.17878935672342777	0.9996598281526208	0.00016034154484878243
0.1791371568106115	1.0000388792405466	0.00016035710772449956
0.1794849564321339	1.0001223604485083	0.00016036682820294432
0.17983275651931763	0.9998544265392206	0.00016034146412846975
0.18018055707216263	1.000102296183957	0.00016035588550302154
0.18052835669368505	0.9998447552746799	0.0001603327805103212
0.18087615678086877	0.9998434953167475	0.00016033075448546242
0.18122395686805248	0.9999793151088385	0.0001603379078701261
0.18157175090163946	0.9998839387388779	0.00016032776970422482
0.1819195505231619	0.9999510741943842	0.00016033471269734766
0.18226734502241015	0.999815321786105	0.000160326291229973
0.18261514510959387	0.9997672738499068	0.00016032464260436817
0.1829629447311163	0.9997150333679838	0.0001603208165597897
0.1833107448183	0.9998494181047802	0.00016033271765905047
0.18365854490548372	1.0002594879143543	0.00016036137376269273
0.18400634452700615	0.9998176519995089	0.000160325968931025
0.18435414461418986	0.999994697881505	0.00016033875382627004
0.18470194470137358	0.9999696803003909	0.00016033516689532626
0.1850497447885573	1.0003362322489946	0.0001604571109127824
0.18539754441007972	1.0001097443903995	0.00016119987607975098
0.18574534403160214	1.000644871991902	0.00016334295472740406
0.18609313294291496	1.0003974414543233	0.0001644774461629661
0.1864409325644374	1.0007488562668125	0.00016420849034070326
0.1867887331172824	1.000506911002572	0.0001639837315510468
0.18713653273880482	1.0000228318653839	0.00016447533560430381
0.18748433329164982	1.000372419390144	0.0001618558397422867
0.18783213291317225	1.0003070672155694	0.00016064058810684857
0.18817993253469467	1.0000691973505642	0.00016036261066709894
0.18852773308753967	0.9997914203518747	0.00016034578589817995
0.1888755327090621	1.0003245248004384	0.0001603610312580594
0.1892233327962458	1.000224543077437	0.00016036685270834648
0.18957113241776824	0.9999506556039576	0.0001603528585465224
0.18991893250495195	1.0000059497495088	0.0001603684039935041
0.19026672653853893	0.9997198116187602	0.0001603607832263275
0.1906145205721259	0.9998887217942881	0.0001603954767314777
0.19096232065930963	1.0003047721301046	0.0001605034237887912
0.19131012074649334	0.9998222773966774	0.00016054142998906523
0.19165792083367705	0.9999834894643548	0.00016041759381168214
0.19200572045519948	1.0000377502306976	0.0001603472739845261
0.1923535205423832	1.0000016932227354	0.00016031434547783134
0.1927013206295669	1.0001389420781854	0.0001603082034122714
0.19304912025108933	1.0000913992261409	0.00016029268209676912
0.19339692033827305	0.9998787165164096	0.00016026929816159187
0.19374472042545676	1.0000422607658357	0.0001602875610360236
0.1940925200469792	1.0001307655698533	0.00016027505998374405
0.19444031408056617	1.0000067902168899	0.00016024143770054994
0.19478810857981443	1.0003698232567695	0.00016025619483656374
0.19513590913265944	1.0001071121153295	0.00016022695826128181
0.19548370875418186	1.0002946720610673	0.00016023514224832388
0.19583150884136558	1.0000697728274535	0.00016021767840609038
0.1961793089285493	1.0002965022809442	0.0001602288338852564
0.19652710855007172	1.000070982271175	0.0001602079820715318
0.19687490863725543	1.0003230474232216	0.0001602257181954244
0.19722270872443914	1.0002594533413733	0.00016021515032082738
0.19757050881162286	0.9998816685385148	0.00016018522498489288
0.19791830843314528	1.000237340562194	0.0001602101278100899
0.198266108520329	1.0001150211679648	0.00016020017823619928
0.1986139086075127	1.0002060540338968	0.00016020624586455122
0.20661328407004476	0.999823122580798	0.00016022625054402356
0.20696108462288976	1.0001701992407523	0.00016025612748145994
0.2073088730685413	1.0000875712236017	0.0001602509288101365
0.20765667269006371	1.0005181690203668	0.00016029042887097286
0.20800447231158614	1.0001848508549536	0.0001602644042455314
0.20835227286443114	1.0001826707991568	0.00016026553672279068
0.20870007248595357	1.0002827544133508	0.0001603099924612409
0.20904787257313728	0.9997458366649699	0.00016068547939714184
0.2093956721946597	1.0000993898817037	0.00016166700538832192
0.20974347228184342	1.0001185258393392	0.00016166803875818385
0.21009127236902714	0.9999659472348453	0.00016150647823322094
0.21043907199054956	1.0003371996869643	0.00016210512460230765
0.21078687254339457	0.9999943949576006	0.00016134877337535742
0.211134672164917	1.0001805220047084	0.0001604641279483367
0.21148246619850397	1.0002265382191375	0.00016032032379996745
0.21183026023209095	1.0000244176234492	0.00016031414951641221
0.21217806031927466	0.9999044871795867	0.00016029079684455434
0.21252586040645838	1.0000676455243571	0.0001603069407376655
0.2128736600279808	1.0000588925889686	0.00016030336943226105
0.21322146011516452	1.0002197773129236	0.00016032010428855016
0.21356926020234823	0.9999929778821998	0.00016031113581281616
0.21391705982387066	1.00009962090118	0.00016031918543042242
0.21426485991105437	1.0001047147221942	0.0001603259499337511
0.2146126599982381	1.0001325275016875	0.0001603347608195559
0.2149604600854218	1.0002724550766182	0.00016034863187959183
0.21530825970694423	1.0001386352918291	0.00016031120698702258
0.2156560542061925	1.0002381442143642	0.00016029822300655833
0.21600384823977947	1.0000383305281664	0.00016027017803994526
0.2163516478613019	1.0003361181940695	0.00016028201147415098
0.2166994479484856	1.000109574723907	0.00016024785325183868
0.21704724803566933	1.000227834958835	0.00016024180730273637
0.21739504812285304	0.9997874961190588	0.00016020325168445394
0.21774284774437547	1.0000902060489412	0.0001602232742499579
0.21809064783155918	1.0002416253507385	0.0001602031713902167
0.2184384479187429	1.0001104875866196	0.00016017559771558474
0.21878624754026532	0.9999648245052216	0.00016015613050497746
0.21913404762744904	1.000115645443529	0.00016016216010085487
0.21948184771463275	1.0000490653956184	0.00016015345236276715
0.21982964733615518	1.0004934703215376	0.00016018468524932339
0.2201774357818067	1.0002258347476598	0.00016015912305085672
0.22052523586899042	1.0000261121147576	0.00016013879176237893
0.22087303595617414	1.0000340665477736	0.0001601392015916157
0.22122083557769656	0.9999379110307058	0.00016013034193459183
0.22156863566488028	1.0001039479671314	0.00016014048547113727
0.221916435752064	0.9999432026755751	0.00016012666859587497
0.22226423537358642	1.0001736209713386	0.0001601422626631015
0.22261203546077013	1.0001799942166554	0.00016014360823713542
0.22295983554795384	1.0001272934239027	0.00016013936867055294
0.22330763563513756	0.9999891769791228	0.00016013256854915413
0.22365544084459543	1.000027127835778	0.00016014041685369454
0.22400324698537588	1.0000902501695315	0.00016015109457608945
0.22435104101896286	1.0001161403160714	0.00016016011286583694
0.22469883505254984	1.0003116475548155	0.0001601768942583273
0.22504663513973355	1.0001374452480238	0.00016016627847980974
0.22539443522691727	0.9999122861434612	0.0001601516081868139
0.2257422348484397	1.0001315750936242	0.0001601730427281464
0.2260900349356234	1.0004559300670943	0.00016020259714496406
0.22643783455714583	1.0001174910466466	0.00016017844500749933
0.22678563510999084	0.9999344619854387	0.00016017228725562568
0.22713343473151326	0.9999866055689423	0.00016018616053565312
0.2274812343530357	0.9999280653622268	0.00016019477476035223
0.2278290349058807	1.0000488961788037	0.00016021886136145217
0.22817683452740312	1.0000272614633803	0.00016022728977513895
0.2285246285609901	1.000263569951994	0.0001602531608508082
0.22887242259457707	1.0004524083493185	0.00016027273176510843
0.22922022314742208	0.9999457438668862	0.00016023825831235834
0.2295680227689445	1.000267689466211	0.00016027039934353945
0.22991582285612822	1.000164646010372	0.00016026596301441464
0.23026362247765064	1.0001942242819597	0.00016027480836571366
0.23061142256483436	1.0000048995530535	0.00016026415284374593
0.23095922265201807	0.9999840162475854	0.00016026934448186485
0.2313070222735405	1.0002677216951381	0.00016029809495419296
0.2316548228263855	1.0002124271924464	0.00016035428298348634
0.23200262244790792	1.0000042154594022	0.0001609379439919553
0.23235042206943035	1.0001143965060775	0.00016239510357724936
0.23269822215661407	1.0004160784966294	0.00016297024297819482
0.2330460106022656	1.0002450553380513	0.00016219457940325988
0.2333938106894493	1.0000315897055658	0.00016237745232967736
0.23374161031097174	1.0004462459769063	0.00016314831547281465
0.23408941039815545	1.0003470841686826	0.00016148268675931257
0.2347850101068616	1.0000840352869083	0.0001603322392131841
0.2351328101940453	1.0001595471012135	0.00016035988413294237
0.23548061028122902	0.9998119874788408	0.0001603159362843853
0.23582841036841273	1.0004654327524083	0.00016037559687369748
0.23617620998993516	1.0001871603425574	0.0001603587421283249
0.23652401007711887	1.0001488220539645	0.0001603576712604043
0.2368718101643026	1.0002525669733526	0.00016036986998470905
0.23721959814429283	1.000048106785072	0.00016035223731796815
0.23756739823147655	1.0000867379528868	0.00016035610648608783
0.23791519831866026	0.9999577204591829	0.00016034726005599703
0.23826299840584397	1.0000434077797937	0.00016035350860182942
0.2386107980273664	0.999758905200188	0.00016033316911431044
0.2389585981145501	0.9997917462106196	0.00016033160525732169
0.23930639820173383	1.0004118841636938	0.00016037729285428546
0.23965419782325625	1.0001663286040003	0.0001603612420911904
0.24000199791043997	1.0001616949488021	0.00016049090982280288
0.24034979799762368	0.9999605649433231	0.00016033575801243266
0.2406975976191461	1.0001099212867606	0.00016032169390661367
0.24104539770632982	1.0002373468292125	0.0001603231037917219
0.2413931917399168	0.9998500181210478	0.0001602876281245761
0.24174098623916507	0.9999117659438571	0.00016029060065435584
0.2420887858606875	1.0000523087104511	0.00016030255029715807
0.2424365859478712	0.9999771385193369	0.00016029544002078107
0.24278438603505492	0.9997026477857631	0.0001602742618946656
0.24313218519091606	0.9996620903075104	0.0001602714972327694
0.24347998527809978	1.000105698397247	0.0001603076135181127
0.2438277853652835	1.0000509947939105	0.00016030487788344544
0.2441755854524672	0.9999326381528919	0.00016029371823282629
0.24452338507398963	0.9998459090616116	0.0001602900975837826
0.24487118469551206	1.0002509023297883	0.0001603225573878161
0.24521898524835706	0.9997441774310274	0.0001602880269387614
0.24556678486987948	0.9998549140102103	0.00016030314481984732
0.24591457331553102	0.9999403332819069	0.00016031398589483954
0.24626237293705344	0.9998106256898673	0.00016030797327014923
0.24661017348989844	0.9998836007921041	0.0001603299919265367
0.24695797311142087	0.9997138712689945	0.00016032525829816837
0.2473057727329433	1.0002019430401154	0.00016036985739863594
0.2476535732857883	0.9998840515711945	0.00016034310733985182
0.24800137290731072	0.9998012221523658	0.00016033892539687726
0.24834917299449444	0.9997556594919694	0.00016032908535031727
0.24869697261601686	0.9996405927089581	0.00016031746840659518
0.24904477270320058	0.9999906037602607	0.00016034093340559007
0.2493925727903843	0.9998174275689996	0.00016032365293446846
0.24974037241190672	0.9997468010460437	0.0001603140040436004
0.25008816085755825	0.999593873576226	0.00016030868197850477
0.25043596094474196	0.9999489322909315	0.0001603235986007413
0.2507837610319257	0.9998287970723728	0.00016031330971941587
0.2511315606534481	0.9997872401279165	0.000160318831035071
0.2514793607406318	0.9995387564401016	0.0001603025396060688
0.25182716082781553	0.9999369574387963	0.00016032885263057476
0.25217496044933796	0.9996614791930806	0.00016030462982893301
0.2525227605365217	0.9996736997837673	0.00016030077866805538
0.2528705606237054	0.9997462068054589	0.00016030792709026043
0.2532183602452278	0.9996887411044127	0.00016039841488368746
0.2535661603324115	0.9998226105594552	0.0001611807063328856
0.25391396041959524	1.0004808331045667	0.0001633347931956534
0.2542617544531822	1.0003643268161362	0.00016433926206479527
0.2546095484867692	1.000547799189845	0.00016402293069197444
0.2549573481082916	1.0005779675275022	0.00016391746581750878
0.25530514819547534	0.9997626459700971	0.0001641345164371426
0.25565294828265905	0.9999824104307453	0.00016159052247433084
0.2560007479041815	0.9998999605701295	0.00016052303738562653
0.2563485479913652	1.0000418589470486	0.00016034860097771062
0.2566963480785489	0.999910344189934	0.0001603356810851996
0.25704414770007133	0.9997676825933481	0.00016030626775236128
0.25739194778725505	0.9997645769644959	0.00016031889319339265
0.25773974787443876	0.9998196084426895	0.0001603268686522404
0.2580875474959612	0.9997391581815929	0.00016033282165068774
0.2584353475831449	0.9998739756793865	0.00016035741964500952
0.25878313602879643	0.9998234454338014	0.0001603772579362908
0.25913093611598015	0.9998187937835413	0.0001604477264855191
0.2594787357375026	0.9998824241266943	0.00016051936958789533
0.2598265358246863	0.999742864984035	0.0001603863093628731
0.26017433591187	0.9997016086889573	0.00016030255683756705
0.26052213553339243	1.0000882725819202	0.00016030749396164364
0.26086993562057614	0.9998616806198756	0.00016027240557668155
0.26121773570775986	0.9997948860441624	0.00016025463125755594
0.26156553579494357	0.9997205224696935	0.00016024440364201915
0.261913335416466	0.9994523158282469	0.00016022855350605495
0.2622611355036497	0.9998469747962387	0.00016023485481374373
0.2626089355908334	0.999938259450327	0.00016021859064166676
0.26295672357082367	0.9999994829503711	0.0001602107726326555
0.2633045231923461	0.9997468901821579	0.00016018251805708427
0.2636523232795298	0.99954686587404	0.00016016349438359548
0.2640001233667135	0.9999312359486804	0.0001601899304065809
0.26434792298823595	0.9999087353661161	0.00016018281677272585
0.2772164852358401	1.0000945882881505	0.00016068206141271936
0.2775642853230238	0.9996143923333924	0.0001615472282106159
0.2779120849445462	1.0000162641654333	0.00016152493843772295
0.27825988503172994	0.9999155383683866	0.0001613943746637946
0.27860768511891365	1.0000411124398094	0.00016195308391869792
0.2789554847404361	0.9999364695258398	0.00016109026031411056
0.2793032848276198	0.9997606094554115	0.00016033903814138982
0.2796510849148035	0.9997948520988833	0.0001602651869221638
0.2799988789483905	0.9999918592706434	0.00016029118471717224
0.28034667298197746	0.9999293885834339	0.00016027450776447542
0.2806944730691612	1.0000762437521948	0.00016029391340591394
0.2810422726906836	0.9997009956912644	0.00016027061058540232
0.28139007836580276	0.9998580083127411	0.00016028891945508474
0.2817378840409219	0.9995188019437132	0.00016027572387822836
0.28243348374962807	0.999785247177234	0.00016029485420507536
0.2827812838368118	1.0000642244164182	0.00016032513416475738
0.2831290839239955	0.9999725672096507	0.00016032301978161371
0.2834768840111792	1.0000810732682401	0.00016031360028105943
0.28382468363270164	0.9998531430729478	0.00016028178386427
0.2841724776662886	1.0000225604399295	0.00016027293007108093
0.2845202721655369	0.9996023471851093	0.00016022550098509483
0.2848680722527206	1.000003320157281	0.00016024758580637582
0.285215871874243	0.9996671235703493	0.00016020983017261812
0.28556367149576545	0.999821206491109	0.00016021585107708512
0.28591147158294916	0.9999425035551274	0.00016022484399004223
0.2862592712044716	0.9999339859385448	0.0001601948346418816
0.2866070712916553	0.9999364281677635	0.00016018103664896697
0.286954871378839	0.9998240425838686	0.00016016317103004175
0.28730267100036144	0.9996690181694995	0.00016014696579323118
0.28765047108754516	0.9996373929729692	0.00016013173991669135
0.2879982707090676	0.9998748280797926	0.00016014140548018741
0.2883460712619126	0.9995564547525561	0.00016010594950513225
0.2886938648298383	0.9999190479934256	0.00016014090314420438
0.28904165932908654	0.9999543891637559	0.00016013621256055416
0.28938945941627026	0.9999745827914098	0.00016013421600234877
0.2897372590377927	0.999732585832947	0.0001601116697252008
0.2900850591249764	1.0000064890732356	0.0001601298737038156
0.29043285828083754	0.9996716993306761	0.00016010155429410232
0.29078065883368254	0.9999669873438781	0.0001601246960058164
0.29112845845520496	1.0000134620256913	0.00016012810315446546
0.2914762580767274	0.9999246339239625	0.0001601263232209466
0.2918240581639111	0.9996712969046195	0.00016011023229543268
0.2921718582510948	1.0000239386992031	0.00016014220466481062
0.29251965833827853	0.9998008605647063	0.00016013006011107725
0.2928674519062042	0.9997388709520407	0.00016012641935205267
0.2932152468711138	0.9996778695139669	0.0001601249574125086
0.2935630464926362	1.0000851920276603	0.0001601575915807595
0.29391084611415863	0.9996493500079033	0.0001601277194993353
0.29425864620134234	0.9999686706207608	0.00016015698462520383
0.29460644582286477	1.0000060952754772	0.00016016435174376074
0.2949542459100485	0.9998965646165532	0.0001601613833853449
0.2953020455315709	0.9997736772700615	0.00016015834974125154
0.2956498456187546	0.9997619386532319	0.00016017201092076504
0.29599764570593834	0.9998613144257149	0.00016019248972120882
0.29634544532746077	0.999875229450425	0.00016020462416417746
0.2966932454146445	1.0000743857273287	0.00016022939246890385
0.2970410455018282	1.000110138957966	0.00016023786397609447
0.2973888339474797	0.9999666375952324	0.0001602343444695991
0.29773663356900215	1.0000225204179378	0.00016024238471610926
0.29808443365618587	0.9997258417705032	0.00016022382461469586
0.2984322332777083	0.9996747494422531	0.00016022823147570685
0.2987800328992307	0.9997938725296875	0.00016024152735129237
0.29912783298641443	0.9997990285731769	0.00016024536078772575
0.29947563307359815	0.999918282929147	0.00016026423014543154
0.2998234326951206	1.0002740731680582	0.0001603479264374159
0.3001712327823043	0.9999176820097433	0.00016090508389517242
0.300519032869488	0.9997943132845675	0.00016233014307952915
0.3008668329566717	1.00038881413377	0.00016285767133662773
0.30121463257819414	1.0001901143168488	0.00016205515224632604
0.30156243266537786	0.9998312422460216	0.0001623635398880334
0.3019102211110294	0.9999003644073693	0.00016285899124559702
0.3022580202668905	0.9998968897704699	0.00016126027293663844
0.30260582035407424	0.9999984087539401	0.00016045801057591383
0.30295362044125795	0.9999880743396063	0.00016031553550418758
0.30330142052844167	0.9998145673867761	0.0001603178285893115
0.3036492201499641	1.0000099242071854	0.00016032443965192778
0.3039970197714865	0.9999167275057921	0.00016032494252959917
0.3043448203243315	0.9998466055321287	0.0001603220849729049
0.30469261994585395	1.0000052095302392	0.00016033407008157248
0.30504042003303766	0.999905632734785	0.0001603293329834196
0.3053882201202214	1.0001909247402445	0.00016035288158728435
0.3057360192760825	1.0001768031288276	0.00016035284103514647
0.30608380772173405	1.000083556685568	0.00016034764841986972
0.3064316073432565	0.9998325282868208	0.00016032693385757674
0.3067794078961015	0.9998670353819048	0.00016032963457075612
0.3071272075176239	0.9999506676513109	0.00016033202469232559
0.3074750076048076	0.9998884075984824	0.0001603202274574937
0.30782280769199133	0.9999927977070615	0.00016033386902882627
0.30817060731351376	0.9999160682648037	0.00016045100726847327
0.30851840740069747	0.9998706552139328	0.00016031218911068278
0.3088662070222199	0.9998631702142061	0.0001602902439137807
0.3092140071094036	0.9995455191100876	0.00016025507082071712
0.30956180673092604	0.999891212342976	0.00016027962252096402
0.30990960635244846	1.0001317466420596	0.0001602954228589224
0.31025740085169673	1.0000566239273656	0.00016028982901043995
0.3106051948852837	1.0000888136977544	0.00016029397621350298
0.3109529949724674	0.999913469574605	0.00016027734440515125
0.31130079459398985	1.0000424745401424	0.0001602887585513237
0.31164859514683485	0.9996322599627613	0.00016026031654468536
0.3119963947683573	0.9999700567756198	0.0001602844073732143
0.3123441939242184	0.9999033787475204	0.00016027898890926518
0.31269199401140213	1.000178287199437	0.00016030162847932033
0.31303979409858584	1.0001500534674252	0.00016029850258257968
0.31338759418576956	1.000068285049481	0.00016029305995248272
0.313735393807292	0.9995359677172789	0.00016025145724811392
0.3140831938944757	0.9995752586925097	0.00016025708013153085
0.3144309939816594	1.0002708907035112	0.00016032174401836352
0.3147787880152464	1.0002774591846002	0.0001603342794700411
0.31512658204883337	1.000121094086774	0.00016033397364281738
0.3154743816703558	1.0001749850257995	0.00016034419990529903
0.3158221817575395	1.0002640686265474	0.00016035379163489177
0.31616998137906194	1.0002450758208756	0.000160356203606233
0.31651778146624565	0.9999556519146159	0.00016033219191630398
0.31686558155342937	1.0000949602543077	0.00016034377823047618
0.3172133811749518	1.0001620012554655	0.00016034133017084652
0.3175611812621355	0.9999595214946974	0.00016032237789761886
0.3179089813493192	1.000290927346342	0.00016034435830627973
0.31825678143650293	1.000091724922037	0.0001603274976997805
0.3186045805923641	1.000148581870936	0.00016032814706063765
0.3193001691251993	1.0000068136006166	0.0001603139159083171
0.31964796874672174	0.9999667406671728	0.00016031270553681817
0.31999576883390546	0.9999604323470813	0.00016031756687810353
0.3203435689210892	1.0000859052002784	0.00016032490602612635
0.3206913690082729	1.000252815818605	0.00016033536834881806
0.3210391686297953	1.0000173119726383	0.00016031357778994117
0.321386968716979	1.0001249721009753	0.00016039702840865933
0.32173476833850145	1.0005081377950287	0.00016114362152310158
0.3220825679600239	1.0003726471129903	0.00016316443625521084
0.3224303680472076	1.0006826844877252	0.00016411802893362185
0.3227781681343913	1.0003478926085303	0.00016376758630976576
0.32312596775591373	1.0008395632403293	0.00016376702714320307
0.3234737617895007	1.000302919150829	0.00016379850184453985
0.323821556288749	1.0007100064446122	0.00016144752034144062
0.3241693563759327	1.0001748413408758	0.0001604655444925586
0.32451715553179383	1.000088918310883	0.00016032994110501734
0.32486495561897755	0.999884661045565	0.00016031007866333554
0.32521275570616126	0.999961705806341	0.0001603028845403272
0.3255605553276837	0.9999908068483562	0.00016031825611479255
0.3259083554148674	0.9997467105749598	0.00016030268891676166
0.3262561550363898	1.0001742192098795	0.0001603469151618226
0.32660395558923483	0.9997627769280406	0.00016032792576034716
0.32695175521075726	1.000173207926173	0.00016038037200738348
0.3272995543666184	1.0000991453844228	0.0001604417526232921
0.32764734886586666	0.9998699611948781	0.00016048163940205902
0.32799514289945364	0.9997906905331341	0.00016035076603733314
0.32834294298663735	0.9998674150103138	0.00016029544117450957
0.3286907426081598	0.999830958834195	0.00016026784804897497
0.3290385431610048	0.9999683320179596	0.00016026139233126362
0.3293863427825272	0.9997967431379547	0.00016023622107524076
0.32973414240404963	0.999899539756544	0.00016024076236197552
0.33008194249123335	1.0002133086942082	0.000160268019767497
0.3304297421127558	0.9999740673942553	0.00016022669697565234
0.3307775421999395	1.0000219460071431	0.00016020890763749365
0.3311253418214619	0.9999429368746453	0.0001601905378728227
0.33147314190864563	1.0000142188382726	0.00016018765921309517
0.33182094199582934	0.9998499817527768	0.0001601697836780622
0.3321687360294163	0.9996071324916082	0.00016014670575120152
0.332516529597342	0.999713140772505	0.00016015085826808165
0.33286432968452573	0.9999909606356671	0.00016017014820550639
0.33321212977170944	1.0003569769449334	0.00016019762225070287
0.3460807022638619	1.0000528925498913	0.0001613674841890062
0.3464285018853843	0.999973919292282	0.00016124609921585424
0.34677630197256804	1.0002591712637858	0.00016176748630354992
0.34712410159409046	1.0000554123381487	0.0001608542342500136
0.3474719016812742	1.0001571414690766	0.00016028858528972112
0.3478197013027966	1.0000839005124726	0.00016025148799835544
0.34816750092431903	1.0004002268457195	0.00016028847262580893
0.34851530147716403	1.0000002936648502	0.00016025107753490708
0.34886310109868646	1.0003019029503926	0.0001602829155188067
0.34921090118587017	1.0002974566461282	0.0001602840130653365
0.3495587003417313	1.0000821864776444	0.00016026571542182498
0.34990648925304413	1.0000589260632362	0.00016026890649262825
0.35025428887456656	1.000322544323904	0.00016029922736560394
0.350602088496089	1.0002101772691043	0.00016031577108541482
0.350949889048934	1.0000566770852926	0.0001603378640802205
0.3512976886704564	1.000307722138742	0.00016036965294387415
0.3516454887576401	1.0002797770082037	0.000160343228366557
0.35199328791350126	1.000229919356991	0.00016031643341008958
0.352341088000685	1.0004734509294466	0.00016031048673364323
0.3526888880878687	1.000340529849294	0.00016027934220614646
0.3530366877093911	1.0000752564670066	0.00016024565912975522
0.35338448779657483	1.0002650369566175	0.00016024481470618444
0.35373228788375854	1.0001275397924227	0.0001602396817440722
0.3540800758637488	1.0000284024258637	0.00016021908633961888
0.3544278754852712	1.0000148845339225	0.00016019371500553787
0.35477567557245493	1.0002031066620032	0.00016019785149642084
0.35512347565963864	1.0000158713085732	0.0001601790564256141
0.35547127528116107	0.9999921648475164	0.00016017761761650143
0.3558190753683448	1.0003085876710174	0.0001602039922929817
0.3561668749898672	1.0001277696241961	0.00016018175474092432
0.35651467461138964	0.999887762639502	0.00016015621963241873
0.35686247469857335	1.000020943612915	0.00016015612525175133
0.35721027478575706	1.000128150571416	0.00016015276893187335
0.3575580748729408	0.9997620898302378	0.00016012149489676733
0.3579058744944632	0.9997539972591624	0.00016010673120744485
0.35825367411598563	0.9999665750340831	0.000160121190460776
0.35860146256163716	0.999778300668596	0.0001601068875781006
0.3589492621831596	0.9999515829207555	0.0001601246075355459
0.3592970622703433	0.9992543023170243	0.0001600736406631595
0.359644862357527	0.9999304223180521	0.00016012588251719257
0.35999266244471073	0.9994402781657599	0.00016009036460483322
0.36034046160057187	0.9996251209744567	0.00016010418820435523
0.3606882616877556	0.9997971891128824	0.00016012294862238768
0.3610360617749393	0.9997658306270395	0.0001601209517558713
0.3613838613964617	0.9994905957848002	0.0001601002929827269
0.36173166148364544	0.9993074155134853	0.00016008893966196894
0.36207946157082915	0.9991652904097434	0.00016007983949488223
0.3624272607266903	0.9995599549345832	0.00016011549184489455
0.36277505476027727	0.9991797543960014	0.00016008857274241381
0.36312284925952554	0.9991630415937396	0.00016009043232218607
0.36347064934670925	0.9991076578189779	0.00016009556376429812
0.3638184489682317	0.9991338758793586	0.00016010662633829682
0.3641662490554154	0.9990792274791336	0.0001601147015629863
0.3645140486769378	0.9990735802406195	0.00016012769905071465
0.36486184829846025	0.9987058956131152	0.00016010903419071178
0.36520964838564396	0.9988488889059685	0.0001601269664242237
0.3655574480071664	0.9988007262123744	0.00016013045928785284
0.3659052485600114	0.9987669590573675	0.0001601307099723402
0.3662530481815338	0.9985360593982815	0.00016011947433184563
0.36660084733739495	0.9986564619684152	0.00016013682387451447
0.36694864789023995	0.9988416368661388	0.00016015508176138124
0.3672964358702302	0.9988241318001964	0.0001601564950660309
0.3676442359574139	0.998893859098688	0.00016017004580663228
0.36799203557893634	0.998620191922283	0.00016018945270679727
0.36833983613178134	0.9987482136242497	0.0001607189287465314
0.3686876352876425	0.9985089224309527	0.00016209097094881708
0.3690354349091649	0.9987649410611	0.00016258238932235204
0.3693832354620099	0.9989192583867951	0.0001617743316820285
0.36973103508353233	0.9986893081709584	0.00016215999281294757
0.37007883517071605	0.9985429173979706	0.00016246374542188107
0.3704266343265772	0.9984924857431008	0.00016095942422185024
0.3707744344137609	0.9984210996567484	0.00016026249308616515
0.3711222345009446	0.9983254902327172	0.0001601738941378168
0.37147003412246704	0.9985033964436197	0.00016019597245791323
0.37181782256811857	0.9987358483410983	0.00016020697245083408
0.3721656226553023	0.9983172663071086	0.00016018424357571302
0.3725134222768247	0.9983657139219486	0.00016018916610919577
0.37286122189834714	0.9985751077465284	0.00016020868551451344
0.37320902245119214	0.9987475763297022	0.00016022118186864782
0.37355682207271457	0.9986536399561589	0.00016021639934324142
0.373904621694237	0.9984723043013641	0.0001602013027085622
0.3742524213157594	0.9986431714418043	0.00016021620721383753
0.37460022140294313	0.9983033374794238	0.0001601893100998562
0.37494802149012685	0.9982672202958024	0.00016018105085393414
0.3752958211116493	0.9985791902399428	0.00016019936890512187
0.375643621198833	0.9982944364359213	0.0001601722606823672
0.37599141523241997	0.9984307291205502	0.00016018601411150029
0.37633920880034566	0.9985825600769	0.00016031013680872815
0.3766870088875294	0.9982461805419169	0.0001601622780558391
0.3770348089747131	0.9984272806476598	0.00016015754861276694
0.3773826090618968	0.9984459470432515	0.0001601497664681243
0.3777304086834192	0.99823309512858	0.00016013133566338873
0.37807820830494165	0.9986091703424607	0.0001601593797666994
0.37842600839212537	0.9984527773703469	0.00016014510708396715
0.3787738080136478	0.9984458458841247	0.0001601457844586234
0.3791216081008315	0.9982604789584173	0.00016012985110097888
0.3794694081880152	0.9982156815750537	0.0001601283635933564
0.37981720734387636	0.9982032738801847	0.00016012637946222243
0.3801650074310601	0.9983998035315793	0.00016014314148397256
0.38051280193030834	0.9986214579783883	0.0001601594659865398
0.3808605959638953	0.9983685946248932	0.00016013961313953676
0.38120839558541775	0.998377666275106	0.00016014021644584475
0.3815561952069402	0.9983074755229707	0.0001601345776687198
0.3819039952941239	0.9984644459703739	0.00016014517403266926
0.3822517949156463	0.998044518469279	0.0001601127999346248
0.38259959500283003	0.9983765349221182	0.00016014685867287963
0.38294739509001374	0.9983790810971103	0.00016015683887193175
0.38329519471153617	0.9981438408918403	0.00016015362828130023
0.3836429943330586	0.998318233981203	0.0001601746125202723
0.3839907944202423	0.9983035068328178	0.00016018253974569283
0.384338594507426	0.9978327936970536	0.0001601650288817166
0.38468639412894845	0.9981438293072968	0.00016016871096106742
0.38503418769687414	0.9984324650008611	0.00016019348743957632
0.3853819821961224	0.9981951431445399	0.00016017217797765452
0.3857297822833061	0.99820443332032	0.00016016941805565562
0.38607758190482855	0.9976890360707583	0.00016012498020002609
0.386425381526351	0.9981492170110108	0.0001601570259855225
0.386773182079196	0.9979631255610758	0.00016014158558916248
0.3871209812350571	0.9979089831672362	0.00016013269733311476
0.38746878132224083	0.9980971657447	0.00016014348648474484
0.38781658094376326	0.9975471178807095	0.00016009798239153213
0.38816438103094697	0.9979678050059004	0.0001601289446565037
0.3885121806524694	0.9982195054277108	0.00016015316954360253
0.3888599802739918	0.9977517855029819	0.00016012049291296254
0.3892077747732401	0.9981614745255032	0.000160153392295932
0.38955556880682707	0.9979720294620469	0.0001601802371080219
0.3899033688940108	0.9979227580586605	0.00016077448544581484
0.3902511680498719	0.998642071934576	0.00016269789078927237
0.39059896813705564	0.9986483683110514	0.0001636647184344389
0.39094676822423935	0.9987734731364851	0.0001633261515862828
0.3912945678457618	0.9986399637502489	0.00016331247005524333
0.3916423683986068	0.998417065385459	0.00016329199728449967
0.3919901675544679	0.9981548688912698	0.00016107416704196542
0.39233796717599034	0.9980869703832796	0.00016023394909474612
0.39268576726317406	0.9982020512882182	0.00016015717289561419
0.39303356735035777	0.9982617969464713	0.00016015317604149853
0.3933813674375415	0.9980764582256559	0.00016012985325361692
0.3937291605398059	0.997859126644435	0.00016012437754151299
0.39407695503905416	0.998370937400338	0.0001601679525383419
0.39442475512623787	0.9978497344423631	0.00016013565681052567
0.3947725547477603	0.9981401417856919	0.000160173584747116
0.395120354834944	0.9979213211750542	0.00016017428829578602
0.39546815445646644	0.9981607170214823	0.000160250340418128
0.39581595454365015	0.9984182871473228	0.000160328253956008
0.3961637541651726	0.9979614182915756	0.00016018296050606803
0.3965115542523563	0.9982042889626352	0.00016013837930835094
0.39685935433954	0.9982220528812608	0.00016011704336297113
0.39720715349540114	0.9981050782053191	0.00016009045794019037
0.39755496522411704	0.9981278274393433	0.0001600836647978361
0.39790276531130075	0.9980707080173675	0.00016007212056111706
0.39825055934488773	0.9981153082688059	0.00016007961001641334
0.3985983529128134	0.9975750452034262	0.00016001447776764705
0.39894615299999714	0.9979123286052284	0.00016002090169304863
0.39929395308718085	0.9978579037070917	0.00016000304240486644
0.3996417527087033	0.9979738414209491	0.00016000718831119407
0.399989552795887	0.9979070989776777	0.00015999557364488421
0.4003373524174094	0.9980854148905056	0.00016000495004369665
0.40068515203893185	0.997901328723459	0.0001599858071292298
0.40103295212611556	0.9978969629169361	0.00015998247641481903
0.4013807522132993	0.9976312703396127	0.00015995904780366412
0.4017285518348217	0.9975343111675719	0.00015994880658005612
0.4020763514563441	0.9977616116183806	0.00015996486973318794
0.40242415154352784	0.9980390661555457	0.00015999016121209922
0.41355371149256825	0.9976575723253888	0.00016025369239773578
0.41390151157975197	0.9978874208656794	0.0001610205669662025
0.4142493112012744	0.9975638953456138	0.0001609572284701837
0.4145971108227968	0.9975641643217596	0.00016083276361762022
0.41494491090998054	0.9980349650994779	0.00016130013403785486
0.41529271099716425	0.9974343475594866	0.0001604310074333481
0.4156405101530254	0.997703681026753	0.00016006069488937814
0.4159882985986769	0.9977905319948757	0.00016006452460716505
0.41633609868586063	0.9974596553848624	0.00016004393706477594
0.41668389877304435	0.997817214961318	0.00016006992793267998
0.4170316979289055	0.9973981539346912	0.00016004257285130437
0.4173794980160892	0.9978140646812471	0.00016007405823348556
0.4177272981032729	0.9970121738808854	0.00016006623735570895
0.41807509772479534	0.9975801674993762	0.0001600562971333055
0.41842289781197906	0.9979548584721775	0.00016010978385270564
0.4187706974335015	0.9973654356488328	0.00016008365667127968
0.4191184970550239	0.9976872304773197	0.00016012531948760914
0.4194662971422076	0.9976966166192869	0.00016012571394276773
0.41981409722939134	0.997772944432347	0.00016009098763823253
0.42016189685091376	0.9979240108458941	0.00016008575025908752
0.420509684830904	0.9976329257308055	0.0001600493546313326
0.4208574849180877	0.9977327328515301	0.00016004986666715988
0.42120528500527143	0.9979328951497402	0.0001600588238809521
0.4215530841611326	0.9976565579545925	0.0001600299221200493
0.4219008842483163	0.9975157013433292	0.00016001384049833966
0.4222486843355	0.9978841389710498	0.00016003644634839334
0.4225964844226837	0.997550680885444	0.00015998757187357903
0.42294428357854486	0.9978596531926542	0.0001600001659557009
0.4232920832000673	0.9975472214915188	0.00015996835991761744
0.4236398837529123	0.9976390456129945	0.00015996722695292527
0.4239876833744347	0.9973957595136558	0.0001599424281525523
0.42433548299595714	0.9976862833870644	0.00015995892848988535
0.42468327144160867	0.9975302874748421	0.0001599451203601078
0.4250310715287924	0.9977468591832178	0.00015996354295470992
0.4253788711503148	0.9975105968716801	0.00015995060838220763
0.42572667030617595	0.9973205010857678	0.0001599369837338245
0.42607447085902095	0.9975277376886547	0.00015994286443425242
0.4264222704805434	0.9976012591618892	0.0001599419676074699
0.4267700705677271	0.9974278888054292	0.00015992552132034117
0.4271178701892495	0.9977784339955404	0.00015994841999760989
0.42746566981077194	0.9977356569701127	0.0001599465429652245
0.42781346989795566	0.9979895776900178	0.00015997033002757016
0.4281612695194781	0.9975740952475389	0.0001599404807437905
0.4285090696066618	0.9976104863835474	0.00015994029126692891
0.4288568692281842	0.9977996483632373	0.00015995158710943643
0.42920465767383575	0.9976193677386251	0.00015993786014751202
0.4295524572953582	0.9978015784773998	0.00015995398117456936
0.4299002569168806	0.9979134572704423	0.00015996479233357707
0.4302480570040643	0.9975840416520776	0.00015994193582513739
0.43059585662558675	0.9973453045304781	0.0001599248695715366
0.43094365717843175	0.9979341828071019	0.00015997467923333915
0.4312914563342929	0.997928162946639	0.0001599764491350538
0.4316392559558153	0.9972901168437349	0.00015993255642645133
0.43198705604299903	0.9977177263216175	0.0001599743794466744
0.43233485613018274	0.9975321638878444	0.0001599680700995513
0.43268265575170517	0.9977062959870602	0.0001599966786792731
0.4330304553732276	0.9976537662772242	0.00016000557237484878
0.4333782554604113	0.9978959486344117	0.000160030585671726
0.43372604390606284	0.9975134637969612	0.00016000922528113234
0.43407384352758527	0.9976161621600419	0.0001600209210435141
0.4344216431491077	0.9978149349321978	0.0001600438645646809
0.4347694432362914	0.997264075913439	0.00016000563964622768
0.4351172433234751	0.9976561570801217	0.00016004163638712454
0.43546504247933626	0.9975888557401938	0.00016004134183814601
0.43581284256652	0.9976645089203355	0.0001600518024544551
0.4361606426537037	0.9976501881553694	0.00016007674078817748
0.43650844180956483	0.9977380589876625	0.00016048136335295522
0.43685624189674854	0.9978937793574502	0.00016177604157698426
0.43720404198393226	0.9977792741026362	0.00016231171765042108
0.43755184207111597	0.9976560387561794	0.00016147785653910227
0.4378996351733804	0.9978755127517963	0.00016187994378339676
0.43824742967262864	0.997849683656643	0.0001621207351338543
0.43859522975981236	0.9976969592504802	0.00016072432387776765
0.4389430293813348	0.9977419060441208	0.00016014535748934078
0.4392908290028572	0.9978919630483971	0.00016011771115581085
0.4396386290900409	0.9977815180412682	0.0001601128407581044
0.43998642917722464	0.9977190590954826	0.00016010503514847377
0.44033422879874706	0.9977531620881963	0.00016011590707043055
0.4406820284202695	0.9977016103769175	0.0001601129917386765
0.4410298285074532	0.997763376507427	0.00016011944044629076
0.44137762812897563	0.9978580063474799	0.00016012806145449066
0.44172542821615934	0.9980051685939523	0.0001601421379640931
0.44207322783768177	0.9979603596807598	0.00016013829837754792
0.44242102187126875	0.9975610204233608	0.00016010511404644494
0.44276881590485573	0.9976812917092108	0.00016011286191289226
0.44311661552637815	0.9978554885812454	0.00016011924910401234
0.44346441561356187	0.9978036519286129	0.00016010768479953144
0.4438122152350843	0.9977063202498341	0.00016009619532529536
0.444160015322268	0.99765293240171	0.00016010001707966777
0.44450781494379044	0.9978901924906869	0.00016021268054979064
0.44485561456531286	0.9976211450929395	0.00016008845641725335
0.4452034146524966	0.9976500847286335	0.00016007191380277555
0.4455512147396803	0.9980713334020295	0.0001600965770771094
0.4458990143612027	0.9975363024898135	0.000160052165007064
0.44624681398272514	0.9975190811767469	0.00016004957720165247
0.44659461360424757	0.9977809260508942	0.0001600694842050277
0.44694240763783455	0.9977055715626686	0.00016006295197867228
0.44729020167142153	0.9978709012443767	0.00016007753329403714
0.44763800175860524	0.9976138869332571	0.00016005686751531837
0.44798580138012767	0.9974558244500753	0.00016004164502526474
0.4483336014673114	0.9975858327865805	0.00016005512311903242
0.4486814010888338	0.99771992353845	0.00016006522372163435
0.44902920071035624	0.9977693050023122	0.00016006681656868595
0.44937700126320124	0.9977510486652937	0.0001600677513653108
0.4497248004190624	0.997928918305855	0.00016008063934068922
0.4500726005062461	0.9981590202494842	0.00016009725277382658
0.4504204001277685	0.9976000503981383	0.00016005556854109486
0.45076819974929094	0.9973689140087347	0.00016004424812172938
0.4511159937828779	0.9977183969555755	0.00016007937574041327
0.4514637878164649	0.9974913931478614	0.00016007036903688103
0.4518115879036486	0.9978024535959343	0.00016010297776992307
0.45215938752517104	0.9978308892371154	0.00016011265979983265
0.45250718761235476	0.9979817450978121	0.00016012667387892645
0.4528549872338772	0.9976716467763173	0.0001601007689180759
0.4532027868553996	0.9977835421330153	0.00016011520899943476
0.4535505869425833	0.9975668953084675	0.00016010111620188148
0.45389838656410575	0.997512189031437	0.0001600940543876155
0.45424618665128946	0.9974306957985785	0.0001600872725184955
0.4545939862728119	0.9976185527141948	0.00016009477906553195
0.45494179194793105	0.9971799168721271	0.00016005719101628698
0.45528959203511477	0.9975472753019001	0.00016008305109980138
0.4556373911909759	0.9974838439623169	0.00016007526501854872
0.45598518569022417	0.9977736404487949	0.00016009289959820064
0.4563329853117466	0.9972495545560608	0.0001600503625433468
0.4566807853989303	0.9974976914456798	0.00016007268462837285
0.45702858502045274	0.9974771581653921	0.0001600720732831474
0.45737638464197516	0.997788682893484	0.00016009539966843438
0.4577241847291589	0.9975902678523879	0.00016010343053817695
0.4580719843506813	0.9976619421914296	0.00016052377227620922
0.45841978397220373	0.9978737092436533	0.0001621474883729363
0.45876758405938745	0.998320699487318	0.00016329708331710698
0.45911538414657116	0.9982068539213994	0.00016292708292790957
0.4594631837680936	0.9982925954660854	0.0001629061479727088
0.4598109773360193	0.9985908824746305	0.00016298230823968895
0.46015877183526754	0.9978072215234722	0.00016089755061154924
0.46050657145678997	0.997582757816072	0.00016013413681187274
0.4608543710783124	0.9978667779050444	0.0001601027776371162
0.4612021711654961	0.9974167212567171	0.00016005543939031773
0.4615499712526798	0.9974723116944995	0.00016005279802422438
0.46189777087420225	0.997778922444106	0.00016008517507169886
0.4622455704957247	0.9975600138188331	0.00016007134830560996
0.4625933701172471	0.9972489624496497	0.0001600550312951321
0.4629411702044308	0.9974117122131048	0.00016008065930783334
0.46328896982595325	0.9979098529934176	0.00016013484725056775
0.46363676991313696	0.9976260400958863	0.00016016067157155706
0.4639845695346594	0.9976927386049216	0.00016022281089530488
0.46433236356824636	0.9978116843490948	0.0001601474725919678
0.46468015760183334	0.9974160847348423	0.00016005166792678273
0.46502795768901706	0.9974463292500325	0.00016002760578659857
0.4653757573105395	0.9975620516079278	0.00016002266117235198
0.4657235569320619	0.9976249038167513	0.0001600162777367289
0.4660713570192456	0.9975960912654595	0.00016001147651164148
0.46641915617510676	0.9972932888573938	0.0001599881572756824
0.46676695672795177	0.9974123817505078	0.0001599748083298772
0.4671147563494742	0.9975935568602639	0.0001599711146117211
0.4674625559709966	0.9975824389847298	0.00015995931459838162
0.46781035605818033	0.9975533353908687	0.00015994908006731315
0.46815815567970276	0.9971369252578878	0.00015991102544767635
0.4685059557668865	0.9975683243631336	0.0001599386941036718
0.46885374933481216	0.9972721925289629	0.00015991235437433417
0.46920154383406043	0.9973510429029215	0.00015991349184728203
0.46954934345558286	0.9973194715556135	0.00015991024750440334
0.469897142611444	0.9974207348508858	0.00015991714421130632
0.470244943164289	0.9976011102853999	0.00015992708041220077
0.4705927427858114	0.9975427339702873	0.00015992178066896504
0.47094054240733385	0.9975323093971141	0.00015991942541606559
0.4712883420288563	0.9970438231759222	0.0001598848438602698
0.47163614211604	0.9977458372508878	0.0001599403575047493
0.4719839422032237	0.9976507819194098	0.00015994085437101577
0.47267954144626856	0.9977268012569528	0.00015995378828726031
0.4778965152800083	0.9978309629659036	0.0001599597006427585
0.47824431490153074	0.9976550567814257	0.00015995039511645131
0.47859211498871446	0.997243819291476	0.00015992245885333364
0.4789399146102369	0.9974851149706122	0.00015994543888981028
0.4792877146974206	0.9973695147594576	0.00015994171240670316
0.479635514318943	0.9975394861669803	0.0001599627344387505
0.47998331394046545	0.9974582582716325	0.00015996046910952673
0.48033111402764916	0.9971237593351717	0.00015993487460262427
0.4806789136491716	0.9974424685784582	0.00015996097400738137
0.481026713270694	0.9974737872118469	0.0001599632396505473
0.48137451335787773	0.9975391760267799	0.00015997057695651238
0.48172231297940016	0.9973311585004858	0.00016005699077550992
0.48207010701298714	0.9976216868030633	0.00016066278655795497
0.4824179010465741	0.9973767758750899	0.00016069006446150605
0.48276570113375783	0.9975535189069032	0.00016055156706549755
0.48311350075528026	0.9974890112213194	0.00016087104477151471
0.4834613003768027	0.9976209246960861	0.00016022662744652585
0.4838091004639864	0.9975524923681839	0.0001599901378231669
0.4841569000855088	0.9974386209982804	0.00015998595254097556
0.48450469970703125	0.9973900563471625	0.0001599861455593116
0.4848524993285537	0.9974138774474332	0.00015999141754983881
0.4852002998813987	0.9973295667436608	0.00015998969674816367
0.4855480990372598	0.9973604722263761	0.00015999893161755375
0.48589589865878224	0.99717856097165	0.00015998868586409562
0.4862436931580305	0.9971793017123662	0.00015999090163823818
0.4865914867259562	0.997236188007128	0.0001599969704183482
0.4869392868131399	0.997518867705424	0.00016003750189386574
0.48728708643466234	0.9974680524168732	0.00016004036774909918
0.48763488652184606	0.9972731607191287	0.0001600434498307612
0.4879826861433685	0.9972619649771197	0.0001600167004230415
0.4883304857648909	0.9973157659669395	0.00016001219561949547
0.4886782858520746	0.9974926027955435	0.00016001505692162194
0.48902608547359705	0.9972363371614446	0.00015999256683355543
0.48937388556078076	0.9973043222490251	0.00015999148732638357
0.4897216847166419	0.9970803542471514	0.00015996313522573165
0.4900694848038256	0.9974203421593104	0.00015998509832785326
0.49041728489100933	0.9973089533763577	0.00015996613684439513
0.490765078458935	0.9970637547351625	0.00015993547465450547
0.491112872492522	0.9971757568829157	0.00015993298336327972
0.4914606725797057	0.9971652638385841	0.00015992047389936905
0.49180847220122814	0.9975167394588601	0.00015993997758794647
0.49215627182275057	0.9969902099908372	0.00015989186574771094
0.49250407237559557	0.9972737675098424	0.0001599116147152127
0.4928518715314567	0.9972917499892867	0.0001599082978746473
0.49319967115297914	0.9973613211452449	0.00015990949307959537
0.49354747124016285	0.9972675940761749	0.0001598968421155388
0.4938952708616853	0.9970152772047314	0.00015988090785512983
0.494243070948869	0.9970670245154549	0.00015991237958247828
0.4945908705703914	0.9970853481610019	0.00015991552785103922
0.4949386646039784	0.9973204944700862	0.00015994466223458043
0.4952864642255008	0.9972376597301582	0.00015993858025196829
0.4956342582590878	0.9972721047355678	0.0001598952236857343
0.4959820578806102	0.9977340588161899	0.00015993021816606342
0.49632985796779394	0.9971626076123108	0.00015989699399890516
0.49667765805497766	0.997099190092407	0.0001598897703116339
0.4970254572108388	0.9973574790163005	0.00015990277834730313
0.4973732572980225	0.9975413615407288	0.00015991542125953962
0.4977210573852062	0.9971551682592258	0.0001598852130688737
0.49806885654106736	0.9971949295222782	0.00015988839309398893
0.4984166566282511	0.9972779972264125	0.00015989784239644092
0.4987644567154348	0.9971002883596908	0.00015988551483926618
0.49911225587129593	0.9973933950492825	0.00015991110300671665
0.4994600499048829	0.9967147388933338	0.00015986194135348715
0.4998078444041312	0.9971530836089496	0.00015989764589785353
0.5001556440256536	0.9974819805803934	0.00015992843361086972
0.500503443647176	0.9973357804152695	0.00015992585526912004
0.5008512437343597	0.9974490604815356	0.00015994440487790746
0.5011990433558822	0.9970510169335123	0.0001599254526608405
0.5015468429774046	0.9973420912208053	0.00015996248696081053
0.5018946430645883	0.9970493460584346	0.00015994601078543334
0.5022424426861107	0.9973720705312578	0.00015997709620909048
0.5025902427732944	0.9973776018463084	0.00015998356520366527
0.5029380423948169	0.9975855432768564	0.00016000489164365108
0.5032858420163393	0.997474953692373	0.00015999985587284042
0.503633642103523	0.9973827651861012	0.00015999873128978953
0.50398143613711	0.9975545423688453	0.00016001614195816944
0.5043292297050357	0.9973360097956262	0.0001600094449081302
0.5046770297922194	0.997485820022648	0.0001602690926081175
0.5050248298794031	0.9972764108988286	0.00016133234778949298
0.5053726290352643	0.9974107875189934	0.00016205821109873647
0.5057204286567867	0.9970027973273298	0.00016121321390642684
0.5060682292096317	0.9973186720550382	0.00016153898537503243
0.5064160283654928	0.9973177149683421	0.00016180045081958026
0.5067638284526765	0.9972506393430074	0.0001605499358390491
0.5071116285398602	0.997325350704666	0.00016006144619187948
0.5074594276957214	0.9969284880075625	0.0001600112020253099
0.5078072277829051	0.9973725377355631	0.00016005185944131036
0.5081550213508308	0.9976033028809935	0.00016006572148719614
0.5085028158500791	0.9974410907279626	0.00016006267298592815
0.5088506154716015	0.9973969772095075	0.0001600584030815957
0.5091984150931239	0.9972876233320082	0.0001600516720646562
0.5095462147146463	0.9975179061447392	0.0001600694691213399
0.50989401480183	0.9974479709682995	0.0001600675002562643
0.5102418144233525	0.9974915745342984	0.00016007124314900396
0.5105896140448749	0.9975927489946581	0.00016007803387851625
0.5109374145977199	0.9974561558782328	0.00016005938117722237
0.511285213753581	0.9974437618537372	0.00016005073120532785
0.5116330133751035	0.9972515001539451	0.00016002790476563492
0.5119808134622872	0.997400122941454	0.00016003930847543604
0.5123286130838096	0.9974918118299907	0.00016005305158509916
0.5126764071173966	0.9972729226269318	0.00016011208999756635
0.5130242011509836	0.9974792607942814	0.00016004504438091506
0.5133720068261027	0.997448054602755	0.00016002631665148616
0.5137198125012219	0.9973493484405948	0.00016001110130473822
0.514067611657083	0.9976479202803707	0.0001600311783859385
0.5144154117442667	0.9973721147570628	0.00016000779103271238
0.5147632118314505	0.9974139776315222	0.00016001103687676344
0.5151110109873116	0.997146965747253	0.00015999228547658074
0.5154588110744953	0.9974263098106096	0.00016001040448701873
0.515806611161679	0.9975192450500098	0.00016001963846893995
0.5161544107832015	0.9975414407571326	0.0001600216454909653
0.5165022104047239	0.9973431188736369	0.00016000476996442403
0.5168500104919076	0.9972999188691809	0.00016000142773318096
0.5171977984718978	0.9974140482946332	0.0001600113254459197
0.5175455980934203	0.9973260339888339	0.00016000539257090586
0.5178933977149427	0.9975172790917765	0.00016001817729624878
0.5182411978021264	0.9977954630510363	0.00016004200005501147
0.5185889978893101	0.9973444679962874	0.00016001282772354822
0.5189367970451713	0.9974665423109906	0.00016002739984494663
0.519284597132355	0.9973123844511416	0.0001600204830395014
0.5196323972195387	0.9972536827024714	0.0001600196026003137
0.5199801963753998	0.997274845229455	0.00016002391291690992
0.5203279964625835	0.9973307830323651	0.0001600412644148449
0.5206757965497673	0.997480861447092	0.00016006229666679165
0.5210235957056284	0.9973893914155714	0.00016005497590821716
0.5213713897392154	0.9972593863169542	0.00016004765227223367
0.5217191837728024	0.997801547747883	0.00016009266304557997
0.5220669838599861	0.9975040498682038	0.0001600684125081692
0.5224147834815085	0.9974694104708316	0.00016006555201568434
0.5227625831030309	0.9973492410008099	0.000160053267241823
0.5231103831902146	0.997246218241821	0.00016004295476264153
0.5234581832773983	0.9973018047423002	0.00016004156052692566
0.5238059824332595	0.997394308002902	0.00016004288655778134
0.5241537820547819	0.9972635866915378	0.00016003239874791322
0.5245015826076269	0.9971524292091043	0.00016001656700592856
0.524849381763488	0.997361100759729	0.00016002928468735633
0.5251971818506718	0.9974421379799889	0.00016003494592365752
0.5255449814721942	0.9972031841691268	0.00016001790223692524
0.5262405695393682	0.9976409759451677	0.0001602723759535778
0.5265883686952293	0.9976409096108472	0.00016152058508991547
0.5272839688695967	0.9983018449751208	0.00016257114153640995
0.5276317684911191	0.9978880518086852	0.00016243922230814654
0.5279795685783029	0.9985019135329221	0.0001626798890772896
0.528327367734164	0.9973656484083202	0.00016074720265702293
0.5286751678213477	0.9973981106344851	0.00016006900856046206
0.5290229674428701	0.9974837414490697	0.00016003864990058969
0.5293707675300539	0.997342110853537	0.0001600173680970071
0.5297185671515763	0.9975128244887685	0.00016002130645317213
0.5300663667730987	0.9973491352621202	0.00016001448343343468
0.530414154753089	0.9974294159659347	0.00016001804574951211
0.5307619548402727	0.9976427441508302	0.00016004304899334582
0.5311097544617951	0.9980863322352168	0.0001600827704638302
0.5314575540833175	0.9973208880460027	0.00016003850182976922
0.5318053541705012	0.9973730695494449	0.00016007372358441238
0.5321531537920237	0.9971824987062234	0.00016012083519864503
0.5325009534135461	0.9974225579815916	0.00016008642290771938
0.5328487535007298	0.9972714968013987	0.00016000864380686253
0.5331965531222522	0.9976011309225165	0.00016001063381723276
0.5335443532094359	0.9975831205870357	0.00015999602459227326
0.5338921523652971	0.9974963589714123	0.0001599776276519732
0.5342399524524808	0.9974312992223566	0.0001599639475191433
0.5345877464860678	0.9972378865026484	0.00015994680685716542
0.5349355400539935	0.9974359324357364	0.00015994695027288951
0.5352833401411772	0.9974175201051972	0.0001599273830956116
0.5356311397626996	0.997281865856722	0.0001599061929678197
0.5359789398498833	0.9975744313802344	0.00015992213885019895
0.5363267394714057	0.9973719764069182	0.000159899222558514
0.5366745390929282	0.9973864261897449	0.00015989885332038753
0.5370223391801119	0.9973161382466703	0.00015988708940723164
0.5373701388016343	0.9973436998310955	0.0001598861292614324
0.5377179384231567	0.9980206681321326	0.0001599377069699728
0.5380657385103405	0.9976204496120119	0.00015990226823108804
0.5384135376662016	0.9974295493022854	0.00015988653498067828
0.5387613377533853	0.9975079847820909	0.0001598928324745681
0.5391091261990368	0.9974548707386973	0.00015989257626346579
0.5394569258205593	0.9976723385542873	0.00015991190259895903
0.5398047254420817	0.9974692051712702	0.00015989479742741725
0.5401525250636041	0.9973014042865014	0.00015988444196099883
0.5405003251507878	0.9973672431982952	0.0001598895450713787
0.5408481247723103	0.9971863987565261	0.00015987554400831086
0.5411959243938327	0.9974472954216184	0.00015989484732444157
0.5415437244810164	0.9972363348986713	0.00015987811655368079
0.5418915241025388	0.9973706009914146	0.00015988752165570943
0.5422393237240613	0.9972649348543934	0.00015987807130439134
0.5425871233455837	0.9972981638460922	0.0001598799695230296
0.5429349234327674	0.9975119388350573	0.00015989895595019528
0.5432827114127576	0.9973951794190802	0.00015989074487044843
0.5436305114999413	0.9974696233615618	0.00015989597938725666
0.5439783111214638	0.9971540941462337	0.00015987215275325972
0.5443261112086475	0.997350415800529	0.00015988610654117145
0.5446739103645086	0.9970548017363074	0.00015986344331945994
0.545021709986031	0.99712795651162	0.0001598716271998197
0.5453695105388761	0.9971816176677104	0.00015987664334758344
0.5457173096947372	0.9972214718334498	0.00015987951861719956
0.5460651097819209	0.9970947209431039	0.00015987335398845397
0.5464129094034433	0.9969340806714313	0.00015986236588167227
0.5467607090249658	0.9972806977009522	0.00015989020288366306
0.5471085091121495	0.997209888783419	0.00015988776939084386
0.5474563082680106	0.9972130931252282	0.00015989182587617285
0.5478040971793234	0.9976114302237997	0.00015992942891299112
0.5481518963351846	0.9975804466683013	0.00015993078298605934
0.5484996964223683	0.9974997057281965	0.00015993264476741472
0.5488474960438907	0.9973326006566366	0.00015992201457556735
0.5491952956654131	0.9973445888297056	0.00015992535620641365
0.5495430957525969	0.9971647591879728	0.00015991111883856547
0.549890894908458	0.9975517008131113	0.0001599603918468596
0.550238695461303	0.9972432743671714	0.00016025355740352946
0.5505864950828254	0.9975448310198978	0.00016045817216416028
0.5509342942386866	0.9973333829620834	0.00016026372760026043
0.5512820943258703	0.997347791002595	0.00016045688140459754
0.5516298939473927	0.997316877954552	0.00016002062056518025
0.5519776940345764	0.9974593131863588	0.0001599435335733796
0.5523254820145667	0.9975365428612021	0.00015995803782567662
0.5526732816360891	0.997568504640647	0.0001599655524311431
0.5530210817232728	0.9977632702498247	0.000159983232545009
0.5533688813447952	0.9978678413969567	0.00016000001215854794
0.5537166809663177	0.9976024474360091	0.00015998311758650525
0.5540644810535014	0.9972872470321116	0.00015996274444380604
0.5544122806750238	0.9977490989005562	0.00016000551379175113
0.5547600802965462	0.9975350738818959	0.0001599927751413229
0.5551078799180686	0.9975486526874798	0.0001599999295120704
0.5554556800052524	0.9977230857456545	0.00016001562334430646
0.5558034791611135	0.9974577461721693	0.00015999963466403554
0.5561512792482972	0.9975925933642256	0.00016000387207774135
0.5564990676939487	0.9977727485424316	0.00016001357310853746
0.5568468673154712	0.9978296329211542	0.00016001564251624448
0.5571946669369936	0.9977089218665681	0.00016000280218850257
0.557542466558516	0.9976751438413456	0.00015999463421450925
0.5578902666456997	0.9976629809655956	0.00015998811432257117
0.5582380662672222	0.9973968064425491	0.00015996144377187154
0.5585858658887446	0.9977872380485644	0.0001599828091334753
0.5589336659759283	0.997446364498164	0.0001599479605862228
0.5592814655974507	0.9974565446423026	0.0001599370022487777
0.5596292652189732	0.9975330483631486	0.00015993355272092577
0.5599770653061569	0.9975273262537782	0.00015992567077201077
0.5603248649276793	0.9975543941358976	0.00015992375769185448
0.5606726645492017	0.9977711646361906	0.0001599367941669661
0.561020452529192	0.9977456666220934	0.00015993293837408647
0.5613682526163757	0.9978538192780392	0.00015993748585503098
0.5617160522378981	0.9974632185977867	0.00015990412555301332
0.5620638518594205	0.997306281856149	0.0001599039160502093
0.5624116519466043	0.9976442395919387	0.00015999086100797557
0.5627594515681267	0.997475258880777	0.00015991493698686398
0.5631072511896491	0.9973975260771434	0.00015989316488533144
0.5634550508111715	0.9974878351353627	0.00015989771339661483
0.5638028508983552	0.9973481634818243	0.0001598830802690397
0.5641506505198777	0.9975286932393602	0.00015989565873475304
0.5644984501414001	0.9974981657798545	0.00015989095903611497
0.5648462502285838	0.9976271075161028	0.0001599118059212438
0.5651940437965095	0.9974060897540308	0.00015989480059095326
0.5655418378300965	0.997376292047828	0.00015989016064276319
0.5658896374516189	0.9975718831584223	0.0001599029071926833
0.5662374375388026	0.9975115682098596	0.0001598940057505638
0.566585237160325	0.9974796387442141	0.00015989261855145956
0.5669330367818475	0.9974834533150368	0.00015989683267129292
0.5672808364033699	0.997010905005144	0.00015986038586935383
0.5676286364905536	0.9975529770085045	0.00015990530773028817
0.567976436112076	0.9975474473938345	0.00015990675591434568
0.5683242352679372	0.9974983394910103	0.0001599062262432921
0.5686720358207822	0.9971013050910499	0.00015987598881440603
0.5690198354423046	0.9975333494714349	0.00015991662889778543
0.569367635063827	0.9977154954925176	0.0001599487467790278
0.5697154230438173	0.9977740720263236	0.0001599577480040404
0.570063223131001	0.997617209629797	0.00015995934477507418
0.5704110227525234	0.997431288596109	0.00015995108629088476
0.5707588219083846	0.9977978507160526	0.00015998541419216014
0.5711066219955683	0.9975848539638388	0.00015997415977955106
0.5714544337242842	0.9972747607833993	0.00015995487255014107
0.5718022328801453	0.9974626127538776	0.0001599744311293677
0.572150032967329	0.9974476668302069	0.00015997905687121814
0.5724978325888515	0.9972889835989436	0.00015996872951745472
0.5728456326760352	0.9974047283356858	0.00016007916026509867
0.5731934318318963	0.9972866381009282	0.00016087547739777102
0.57354123191908	0.9975668629450926	0.00016180485810801735
0.573889025952667	0.9975398687710637	0.00016105926266041205
0.5742368195205927	0.997387299005292	0.0001611588910254112
0.5745846196077764	0.997298216960915	0.00016153917296605637
0.5749324192292988	0.9973415879493869	0.00016042548204368878
0.5752802193164825	0.9972174894887481	0.00016000486117646008
0.5756280184723437	0.9976191914200079	0.0001600340790666517
0.5759758185595274	0.9973049975044821	0.00016001266487145486
0.5763236186467111	0.9975976277598044	0.00016003594441175339
0.5766714178025723	0.9977732713966391	0.0001600534598913821
0.577019217889756	0.9974284530117357	0.000160025564581667
0.5773670175112784	0.9975703724744461	0.00016003904718244779
0.5777148171328008	0.9974706340855146	0.00016003745552852685
0.5780626167543232	0.9974032872935289	0.00016002964827280185
0.5784104051999748	0.997692160063699	0.0001600498563675966
0.5787582052871585	0.9977832838305308	0.00016005450056105275
0.5791060044430196	0.997751080828023	0.0001600420062364085
0.5794538045302033	0.9977613074404267	0.00016003945866028911
0.5798016041517258	0.9978881744988137	0.00016004608036561917
0.5801494037732482	0.9976855828073795	0.0001600319146279285
0.5804972033947706	0.9978320598022503	0.00016004707973489343
0.5808450034819543	0.9979845526553496	0.00016011568357817774
0.5811928031034768	0.9977079594790592	0.00016003122691763612
0.5815406027249992	0.997578844781044	0.00016000542378787899
0.5818884023465216	0.9978599056217554	0.00016002016571491618
0.5822362024337053	0.9979926449688665	0.0001600297236211339
0.5825839964672923	0.997737028753605	0.00016000545730291573
0.582931790035218	0.9975575500476137	0.00015999337062515482
0.5832795901224017	0.9975253157898579	0.00015998908296985514
0.5836273897439241	0.9974525236943763	0.0001599859627837275
0.5839751893654466	0.9978989483127216	0.00016001989883293979
0.584322988986969	0.9975564726343327	0.00015999072736132982
0.5846707890741527	0.9976737982838413	0.00016000234394815638
0.5850185886956751	0.9976664556228305	0.0001600019590051366
0.5853663883171976	0.997562514343694	0.00015999303264151843
0.58571418793872	0.9979307211171836	0.00016002210699663145
0.5860619880259037	0.9974736765478903	0.00015998865825696986
0.5864097876474261	0.9977521881041451	0.00016001332426104654
0.5867575868032873	0.9976463977846856	0.0001600119596400198
0.5871053813025355	0.9974738163348144	0.00016000236835434444
0.5874531748704612	0.9975723846213568	0.0001600110829707719
0.5878009749576449	0.9977369056431883	0.00016002447068647809
0.5881487745791674	0.997964853168205	0.0001600447131177622
0.5884965746663511	0.9977804769840548	0.00016002901919552205
0.5888443742878735	0.9979176428901726	0.0001600438255948577
0.5891921734437346	0.9978369391028321	0.00016004452668467214
0.5895399735309184	0.9979215114907346	0.00016005661697921628
0.5898877731524408	0.9974160306402733	0.0001600258127333741
0.5902355732396245	0.9977077138618508	0.00016005179959813695
0.5905833723954856	0.9975862903816572	0.000160046138889725
0.5909311724826694	0.9979349614285402	0.0001600700621025403
0.5912789665162563	0.9976907596428168	0.0001600503003983498
0.591626760084182	0.9979775596754655	0.00016006782858400857
0.5919745601713657	0.997784073791527	0.00016004723192008724
0.5923223597928882	0.9976070681952279	0.00016003011743163318
0.5926701598800719	0.9978222743447019	0.00016004204913681858
0.593017959035933	0.9978411338857501	0.00016004200102254955
0.5933657591231167	0.9976450459699857	0.00016002318422169115
0.5937135587446392	0.9979223203077203	0.00016004313478584198
0.5940613583661616	0.9975121509425287	0.00016001010082186473
0.594409157987684	0.9977422825530717	0.00016009445781142495
0.5947569580748677	0.998409689940583	0.00016093555295253493
0.5954525573179126	0.9986575271049286	0.00016228214833295435
0.5958003518171608	0.9987884507245554	0.00016209158432753577
0.5961481453850865	0.9984477912164023	0.00016233093101258907
0.596495945006609	0.9978873398094672	0.00016069000198442996
0.5968437446281314	0.9978100422156589	0.00016005586122065492
0.5971915447153151	0.9979540492114843	0.0001600423494523546
0.5975393438711762	0.997540681617807	0.0001600067319124559
0.59788714395836	0.9979223583934126	0.00016002086454318357
0.5982349435798824	0.9980716645667964	0.0001600358350488652
0.5985827436670661	0.9979341780672951	0.00016001857532681714
0.5989305428229272	0.9983334675875003	0.00016004717726732004
0.599278342910111	0.99774118752683	0.0001600012805261959
0.5996261429972947	0.9976926914840065	0.00016000549393809812
0.5999739421531558	0.9975943684441324	0.00016000749096282133
0.6003217361867428	0.9976755450301233	0.00016005371688882617
0.6006695302203298	0.9979512183093184	0.0001600643232033836
0.6010173303075135	0.9977355504424763	0.00016000231851179289
0.6013651294633746	0.9976771593895056	0.0001599819753157796
0.6017129295505583	0.9974286884333697	0.00015994761353482797
0.6020607291720808	0.9977103797333896	0.00015996232468332464
0.6024085287936032	0.9978651201890362	0.00015996352777469767
0.6027563284151256	0.9975181402510711	0.00015992902824167103
0.6031041285023093	0.9978074812652988	0.00015993950202977924
0.6034519276581705	0.9978135309159651	0.0001599290524979665
0.6037997277453542	0.9976989492184665	0.0001599071453129798
0.6041475273668766	0.9978228963898887	0.00015990973116470435
0.6044953214004636	0.997941648347382	0.00015991134754766658
0.6048431154340506	0.9976596829496094	0.00015988700035998642
0.605190915055573	0.9980053293251319	0.000159910307519572
0.6055387151427567	0.9976516099750148	0.0001598807947321125
0.6058865142986178	0.9979368297963025	0.00015989938795673767
0.6062343143858016	0.9977019075114092	0.0001598799736853425
0.6065821135416627	0.9977967301886574	0.0001598899595768626
0.6069299140945077	0.9979063185126772	0.00015989705971029196
0.6072777132503688	0.9977121000352287	0.00015988536316647909
0.6076255128718913	0.9977783924953069	0.00015988998620740066
0.607973312959075	0.9978120997919375	0.0001598936073230206
0.6083211125805974	0.9980549147864638	0.0001599110772658923
0.6086689122021198	0.9977537748020779	0.0001598869889561469
0.6090167062357068	0.9974066122179034	0.00015985797770012896
0.6093645002692938	0.9979153240120788	0.00015989656420698726
0.6097122998908162	0.9980918297332397	0.00015991130457325718
0.6100600995123386	0.997717930416889	0.00015988067081329743
0.6104078991338611	0.9978213477510797	0.00015988559157589327
0.6107556987553835	0.9979010077207348	0.00015989151801345112
0.6111034988425672	0.9977464154159801	0.00015987765514810105
0.6114512984640896	0.9977669389616397	0.00015987927834413196
0.6117990985512733	0.9979681456602983	0.0001598959475184105
0.6121468981727958	0.9977719248090708	0.00015988071383903226
0.6124946973286569	0.9977371946808824	0.00015988037324722061
0.6128424974158406	0.9982265923422264	0.00015991838346438565
0.6131902914494276	0.9977617321935085	0.00015988420039970744
0.6135380854830146	0.9981641796091268	0.00015992003361383334
0.6138858846388757	0.9979834867831356	0.00015990573229038193
0.6142336847260594	0.9983446661672615	0.000159935511412173
0.6145814843475819	0.9980916383300004	0.00015991753573324252
0.6149292839691043	0.9976959740024949	0.00015988676156790158
0.6152770835906267	0.9980065086563441	0.00015991220382567258
0.6156248836778104	0.9977728007446582	0.00015989818200199882
0.6159726832993329	0.9978175041225668	0.00015991341166991986
0.6163204829208553	0.9979687446246877	0.00015992079224427848
0.6166682825423777	0.9980533606504454	0.00015993071664320606
0.6170160826295614	0.9981358855746802	0.00015994094836604598
0.6173638817854226	0.998229280619171	0.00015995402715210182
0.6177116758190095	0.9983063520385933	0.00015996126304590515
0.6180594698525965	0.9979227533748746	0.00015993392472658357
0.6184072699397802	0.9979577486690533	0.00016000980579071095
0.6187550690956414	0.9982125661243832	0.00016023202288560542
0.6191028691828251	0.9981617912412967	0.0001600826353125179
0.6194506688043475	0.9979971123786547	0.00016015847234691392
0.6197984684258699	0.9980389875937735	0.0001599836852641735
0.6201462680473924	0.998036854640189	0.00015996867172252737
0.6204940681345761	0.9982284442403794	0.0001599861231728017
0.6211896673776209	0.9980575944277292	0.00015997364746547514
0.6215374669991434	0.9980025443918527	0.00015996760623912754
0.6218852670863271	0.9982232299623763	0.00015998540425101428
0.6222330601885915	0.9979846662797767	0.00015996862061085144
0.6225808546878397	0.9981981166969711	0.00015998788950106704
0.6229286547750235	0.9976854272166013	0.000159953850700129
0.6232764539308846	0.9976804124255938	0.0001599616662536835
0.6236242540180683	0.9980938470871819	0.00015999934204611804
0.6239720536395907	0.9979780885909403	0.00015999382363315908
0.6243198537267745	0.9981411180395169	0.00016001309235128743
0.6246676528826356	0.9982007171891668	0.00016002114501904884
0.625015452504158	0.9982003554267308	0.00016002421591068837
0.6253632525913417	0.9983872402162329	0.00016002882309381687
0.6257110522128642	0.9981481474511266	0.00016000582413581104
0.6260588518343866	0.998148674809153	0.0001600009985036804
0.6264066458679736	0.9981112377819498	0.00015999359262240513
0.6267544399015605	0.9985436083654384	0.0001600219966701587
0.627102239523083	0.9984352116860642	0.00016000464569623955
0.6274500386789441	0.9985856870333905	0.0001600110416869396
0.6277978392317891	0.9982149082104774	0.00015997497222222982
0.6281456383876503	0.9983292312710317	0.00015998023835432035
0.628493438474834	0.9980478014805636	0.00015995076777631378
0.6288412376306951	0.9981662259893265	0.00015995458492159816
0.6291890433058143	0.998707009857387	0.0001599959918602842
0.6295368489809334	0.99873648784938	0.0001600023167958187
0.6298846486024559	0.9985964960727193	0.00015998428379282353
0.6302324482239783	0.9987190744752898	0.00015998658535493334
0.630580248311162	0.9986322985107138	0.00015997466494563272
0.6309280418790877	0.9986530517489094	0.00015996892536771447
0.6312758359126747	0.9986052982880664	0.0001599637423424727
0.6316236355341971	0.9988837827931355	0.0001599821825678745
0.6319714356213808	0.9988036377006219	0.00015997568170919425
0.632319234777242	0.9989250959116136	0.00015998905588516702
0.6326670348644257	0.9987618881886443	0.00015997256922467516
0.6330148344859481	0.9988212798079346	0.00015997551104456306
0.6333626341074705	0.9988698031216595	0.00015997488966248088
0.6337104337289929	0.9987761719748371	0.0001599683823515454
0.6340582338161767	0.9986430173248081	0.00015995543032479092
0.6344060329720378	0.9985844451453305	0.00015995094133955786
0.6347538330592215	0.998812429704963	0.0001599696899595239
0.6351016326807439	0.9988831045050084	0.0001599771374650444
0.6354494211263955	0.9988439113619498	0.00015997671171181485
0.6357972202822566	0.998465088760452	0.0001599489687435988
0.636145019903779	0.9986678729629136	0.0001599684272367963
0.6378840189427137	0.9990443368337323	0.00016001949161964445
0.6382318180985749	0.9989951837212093	0.00016002723273169614
0.6385796181857586	0.99914958751825	0.00016004783604214209
0.638927417807281	0.9991398331237006	0.00016005783090463805
0.6392752174288034	0.9989845471070304	0.0001600520009202546
0.6396230109967291	0.9989344044074381	0.00016005307644788763
0.6399708054959774	0.9993659682428717	0.0001600914015162548
0.6403186051174998	0.9992519418988917	0.00016008879944767022
0.6406664047390223	0.9992421534285211	0.00016009070902962903
0.6410142043605447	0.9992629247318867	0.0001601129910246536
0.6413620044477284	0.99963844244053	0.00016058516752709328
0.6417098036035895	0.9995540512479953	0.00016153400235723698
0.6420576036907732	0.9996479614939585	0.00016106811999844897
0.6424054033122957	0.9991845359853707	0.00016085650346200355
0.6427532033994794	0.9995339651970042	0.00016143855518612062
0.6431010025553405	0.9996942079199032	0.00016048747831535698
0.643448802176863	0.9996390482252145	0.00016015187363333173
0.6437966022640467	0.9999006446599351	0.00016017826427584516
0.6441443962976336	0.999680130489764	0.00016016719580664164
0.6444921898655593	0.9996611628525618	0.00016016218854927132
0.644839989952743	0.9996512890343388	0.00016016830177567308
0.6451877895742655	0.9996275951088581	0.00016016678828803237
0.6455355891957879	1.0001450783093224	0.00016021052661174655
0.645883388351649	1.0000094211151318	0.00016019704880529685
0.646231188904494	1.0002798319453192	0.0001602173981842795
0.6465789880603552	1.0000563630965775	0.00016019284691712158
0.6469267881475389	1.000205785977218	0.00016020114290020196
0.6472745873034	1.0000333588132153	0.00016018327939381743
0.6476223869249225	1.0002322662762269	0.0001601965165245295
0.6479701870121062	1.0004473067584332	0.00016021376426311583
0.6483179805800319	1.0002330573878409	0.0001601987944114984
0.6486657806672156	1.0000773630473145	0.00016018913733006538
0.6490135742351413	1.0002538666330876	0.00016023737376464275
0.649361374322325	1.0002027706160939	0.00016019716621106534
0.6497091734781861	1.0000815834906582	0.0001601757674953656
0.6500569735653698	0.999975980746145	0.0001601589277670104
0.6504047731868923	1.0002606772526539	0.00016017456889743688
0.6507525728084147	1.0002737738540624	0.00016017320989912488
0.6511003724299371	0.9999496603017337	0.00016014907678962078
0.6514481725171208	1.000126094099298	0.00016016176330968437
0.651795971672982	1.0002043466139365	0.00016016886710265398
0.6521437717601657	1.000165119314575	0.00016016674463070464
0.6524915713816881	1.0002372481967836	0.00016017134009283147
0.6528393654152751	1.0000300360816399	0.00016015650414059822
0.6531871589832008	1.000043194591294	0.00016015720017150667
0.6535349590703845	1.0001483026665066	0.00016016342225963346
0.6538827586919069	1.000491865219638	0.00016019320303105116
0.6542305578477681	1.0000418236467512	0.00016016129995097614
0.6545783579349518	1.000018746446249	0.00016016534168910687
0.6552739576436579	0.9996738190236557	0.0001601464250499098
0.6556217567995191	1.000156783261889	0.000160184822064838
0.6559695568867028	0.9998210587716064	0.00016015908700267375
0.6563173565082252	0.9997469637165172	0.00016015080842163727
0.6566651561297476	1.000121562597736	0.00016018060692147334
0.6570129557512701	1.0002175438514218	0.00016019124766820318
0.657360749784857	1.0000124869528855	0.0001601768900308273
0.657708543818444	0.999621948196271	0.00016015005932510965
0.6580563434399664	0.9999794912821343	0.00016018645577063953
0.6584041430614889	0.9999620514994576	0.00016020066693366218
0.6587519431486726	1.0001096014584145	0.00016021229354021708
0.6590997423045337	0.9997898819227526	0.000160183992181365
0.6594475419260561	0.9999712232361269	0.00016019933569832821
0.6597953420132399	0.9997735804046692	0.00016018130402926855
0.660143141169101	0.999881859370663	0.0001601881306031826
0.6604909412562847	1.000334466179101	0.00016021760733305975
0.6608387408778071	1.0002730177280248	0.00016020736363556287
0.6611865409649909	1.0001888894079247	0.00016019699449639198
0.6615343340672553	1.0000358821967885	0.00016018085835197725
0.6618821285665035	0.9999308995433008	0.0001601735067623503
0.662229928188026	1.0002646565710707	0.0001601960250448712
0.6625777278095484	0.9999763679016018	0.00016017998605098293
0.6629255274310708	1.0002463199497107	0.00016052665623462122
0.6632733275182545	1.0008018846303064	0.0001618860617078302
0.663621127139777	1.000909105436855	0.00016212200520546302
0.6639689262956381	1.0008439173484658	0.0001617887500582109
0.6643167259171605	1.0010615030398113	0.00016212465012278217
0.6646645260043442	1.00041270854872	0.00016079977848214243
0.6650123256258667	1.000083081461873	0.00016019137217918047
0.6653601252473891	0.9999427517645485	0.00016016222052684772
0.6657079253345728	1.0000958837196932	0.00016017500665792178
0.6660557189024985	1.000275070238194	0.00016017435612113696
0.6664035129360855	1.0001348535018513	0.00016016481181011253
0.6667513120919466	0.999857644879223	0.00016013747301592298
0.6670991126447916	0.9999784231978847	0.00016014102552531142
0.6674469118006527	1.000154802494549	0.00016014912284791825
0.6677947114221752	1.0000669046100716	0.00016013713341389427
0.6681425110436976	0.9999705367162224	0.00016012884259552376
0.66849031066522	0.9998894924394018	0.00016012877717020514
0.6688381107524037	0.9999104205306457	0.0001601327792031907
0.6691859099082649	1.0002935558907733	0.0001601507635908551
0.6695337104611099	1.000084548760165	0.00016012778519872706
0.669881509616971	1.000401476121671	0.00016014546659299627
0.6702293092384934	0.9998337610733894	0.0001600916183719632
0.6705771032720804	0.9999160097085247	0.00016008990834199188
0.6709248977713287	1.0000754050439258	0.00016009153911328655
0.6712726969271898	1.0000565146646456	0.00016008060095811113
0.671620496083051	1.0001296090053902	0.00016007393009694222
0.6719682961702347	1.000256672590647	0.00016007570204645905
0.6723160957917571	0.9999724790700331	0.00016004438531659398
0.6726638958789408	1.0000581000538602	0.00016004422633941976
0.6737072947435081	1.0002392484032057	0.00016005018716792107
0.6740550943650305	1.0001980462733235	0.00016004983645083698
0.674402893986553	1.0002134033291443	0.00016004900130850717
0.6747506875544786	0.9999321114032664	0.00016002855520745065
0.6750984820537269	0.999956933794965	0.00016002794938208375
0.675446281209588	0.9999888154256799	0.00016003205476276632
0.6757940812967718	0.9997612785206531	0.00016001209362524093
0.6761418809182942	0.9999861868710258	0.00016002819246648233
0.6764896805398166	0.9999124296743142	0.00016002145322233747
0.676837480161339	0.9999234652567716	0.00016001911037832628
0.6771852802485228	0.9998350721478272	0.0001600098624844053
0.6775330794043839	0.9999848636181837	0.00016002238178956736
0.6778808790259063	0.9999024725122143	0.0001600152348528055
0.67822867911309	1.0000394451985062	0.00016002266481699476
0.6785764787346125	1.0003064124183698	0.00016004220195155343
0.6789242783561349	0.9996889919576283	0.0001599925469868633
0.6792720719240606	0.9995990150633747	0.0001599844074349395
0.6796198664233088	1.0000225503956433	0.00016001580334270202
0.67996766557917	0.9998427586696619	0.00016000066512754314
0.6803154652006924	0.999842440006154	0.00016000007922929518
0.6806632652878761	0.9999468026813099	0.00016001082130590255
0.6810110649093986	0.9998977882421295	0.00016000629217345573
0.681358864530921	0.9997428510545189	0.0001599958495907199
0.6817066641524434	0.9999125970595252	0.000160008031507984
0.6820544642396271	1.0000981717421855	0.00016002441688734662
0.6824022633954883	0.9998981448157038	0.0001600114709893962
0.682750063482672	0.9997681503157366	0.00016000336075239696
0.6830978631041944	0.9997256332206567	0.0001600006796482669
0.6834456622600555	0.9997341204435349	0.0001600046055807385
0.6837934562936425	1.0000620291817064	0.0001600306327800646
0.6841412498615682	1.0000637931276903	0.0001600335144515108
0.6844890504144132	0.9997256721403864	0.00016000963860190106
0.6848368495702744	0.9998397412228844	0.00016002139933894268
0.6851846496574581	0.9998411566532349	0.00016002478921201647
0.6855324492789805	0.9998617721331358	0.00016002842598494702
0.6858802484348416	0.9999492549365667	0.00016003740916045907
0.6862280485220253	0.999770472465345	0.0001600273815953052
0.6865758476778865	0.9997917669084541	0.00016003385606283059
0.6869236482307315	1.0000257304012004	0.00016005637230141924
0.6872714529745281	0.9998559920694194	0.00016004598558394718
0.6876192586496472	1.0003608897804288	0.00016008748244228802
0.6879670526832342	0.9998764652614591	0.00016005047600421387
0.6883148462511599	0.9999006587126523	0.00016005255654205912
0.6886626463383436	1.0000935488139446	0.0001600684797238275
0.6890104454942048	1.000431295479829	0.00016009567614137937
0.6893582455813885	0.9998876094352174	0.0001600533102524666
0.6897060452029109	0.9998474294151953	0.00016009742440378688
0.6900538448244333	1.0000512949517952	0.00016007055991054296
0.6904016444459558	1.0000571190843923	0.000160075825169544
0.6907494440674782	1.0000812112042066	0.00016008054256940935
0.6910972436890006	1.0000915954860983	0.00016008855831411121
0.691445043310523	1.0003085259968958	0.00016010993466556608
0.6917928433977067	1.0001868467551485	0.0001601075698200939
0.6921406430192292	0.9998808431458654	0.0001600875972541143
0.6924884361214936	0.9999498144288872	0.00016009648490783053
0.6928362306207418	0.9998132334202295	0.00016009519392690873
0.6931840302422643	1.0001422278418206	0.0001601233656340367
0.6935318298637867	0.9999688975481766	0.00016011172038196114
0.6938796294853091	1.000115809179597	0.00016012189146945353
0.6942274295724928	1.0002475019640429	0.0001601301623530064
0.6945752291940153	1.0000057551146437	0.0001601079165907361
0.6949230283498764	1.0004461415782169	0.00016013938002647983
0.6952708284370601	0.9999984669094882	0.00016010143753594034
0.6956186280585825	1.000086053386396	0.00016010459008107927
0.695966427680105	1.0000003117847052	0.00016009573900912204
0.6963142273016274	1.0001389325663297	0.00016010120433885723
0.6966620273888111	0.99989010199836	0.00016008022879611728
0.6970098153688014	0.9998845452899657	0.00016007291017539898
0.6973576145246625	0.9996421282110243	0.00016004814443138396
0.6977054146118462	0.9993799124303854	0.00016002194545391342
0.6980532142333686	0.9998199305426239	0.00016005226475150077
0.6984010138548911	0.9996616782224996	0.00016003654385126931
0.6987488134764135	0.9998193277712903	0.00016004213679284547
0.6990966130979359	1.0000017282102636	0.00016005182185948395
0.6994444127194583	0.9998066780447086	0.00016003379683532645
0.6997922123409808	0.9997960500562131	0.00016003097943629918
0.7001400124281645	0.9996113784459805	0.00016001461638849967
0.7004878120496869	0.9993757261380559	0.0001599954895490324
0.7008356116712093	0.9995448577572486	0.0001600049267756675
0.7011834108270705	0.9997637542520238	0.00016001950374074575
0.701531199272722	0.9997760352014643	0.00016002068899344084
0.7018789993599057	0.9996923069030351	0.0001600117502213801
0.7022267985157669	0.9995241114119825	0.00015999921644606568
0.7025745986029506	0.9994637294272161	0.00015999616742899878
0.702922398224473	0.9995358181507314	0.00016000085227833315
0.7032701973803341	0.9994841525693613	0.0001599987755843536
