0.1248804978 0.9995794597 0.0001602609 visit1
0.1252282979 0.9999259238 0.0001602800 visit1
0.1255760980 0.9997275578 0.0001602700 visit1
0.1259238985 0.9996906775 0.0001602515 visit1
0.1262716982 0.9998746017 0.0001602373 visit1
0.1266194978 0.9998830922 0.0001602258 visit1
0.1269672923 0.9997325472 0.0001602069 visit1
0.1273150863 0.9996157232 0.0001601918 visit1
0.1276628864 0.9996537562 0.0001601910 visit1
0.1280106860 0.9997329247 0.0001601937 visit1
0.1283584870 0.9995229344 0.0001601750 visit1
0.1287062867 0.9996611791 0.0001601807 visit1
0.1290540863 0.9998595465 0.0001601946 visit1
0.1294018868 0.9998714008 0.0001601928 visit1
0.1297496865 0.9997683975 0.0001601850 visit1
0.1300974865 0.9996741486 0.0001601751 visit1
0.1304452862 0.9999535182 0.0001601972 visit1
0.1307930863 0.9998090003 0.0001601853 visit1
0.1311408747 0.9999739532 0.0001602012 visit1
0.1314886748 0.9995554368 0.0001601741 visit1
0.1318364749 0.9998895621 0.0001602068 visit1
0.1321842750 0.9996996591 0.0001601987 visit1
0.1325320750 0.9999777876 0.0001602240 visit1
0.1363578630 0.9997494297 0.0001602165 visit1
0.1367056631 0.9999664423 0.0001602296 visit1
0.1370534631 0.9998145817 0.0001602153 visit1
0.1374012628 0.9999775690 0.0001602256 visit1
0.1377490633 1.0000014556 0.0001602345 visit1
0.1380968634 0.9999309049 0.0001602346 visit1
0.1384446635 1.0001218034 0.0001602561 visit1
0.1387924631 0.9999074120 0.0001602472 visit1
0.1391402632 1.0001742650 0.0001602736 visit1
0.1394880516 1.0000350434 0.0001602669 visit1
0.1398358517 0.9999205710 0.0001602656 visit1
0.1401836514 1.0000763894 0.0001602811 visit1
0.1405314514 0.9999019966 0.0001602952 visit1
0.1408792520 0.9999275708 0.0001606851 visit1
0.1412270516 1.0001900296 0.0001616841 visit1
0.1415748517 0.9998621962 0.0001617568 visit1
0.1419226518 0.9997342268 0.0001615692 visit1
0.1422704514 0.9997874724 0.0001620885 visit1
0.1426182515 0.9998392013 0.0001616000 visit1
0.1429660516 1.0000097923 0.0001605814 visit1
0.1433138517 0.9999884981 0.0001603421 visit1
0.1436616452 0.9998692298 0.0001603405 visit1
0.1440094397 0.9998874854 0.0001603192 visit1
0.1443572403 0.9998368074 0.0001602942 visit1
0.1447050399 0.9999187629 0.0001603008 visit1
0.1450528400 0.9999192612 0.0001602961 visit1
0.1454006401 0.9998236577 0.0001602851 visit1
0.1457484402 1.0000887422 0.0001603073 visit1
0.1460962398 1.0000447795 0.0001603537 visit1
0.1464440394 0.9997671385 0.0001603160 visit1
0.1467918400 0.9999397569 0.0001603335 visit1
0.1471396396 0.9999237026 0.0001603023 visit1
0.1474874397 0.9997149721 0.0001602564 visit1
0.1478352398 0.9999359081 0.0001602521 visit1
0.1481830287 1.0000925192 0.0001602450 visit1
0.1485308283 0.9999752638 0.0001602207 visit1
0.1488786279 1.0000672938 0.0001602123 visit1
0.1492264285 1.0000649188 0.0001602075 visit1
0.1495742281 1.0000650666 0.0001602123 visit1
0.1499220282 1.0001595880 0.0001601887 visit1
0.1502698278 1.0001975560 0.0001601773 visit1
0.1506176279 0.9999903320 0.0001601510 visit1
0.1509654280 1.0000268696 0.0001601513 visit1
0.1513132276 1.0004910661 0.0001601809 visit1
0.1516610286 1.0002531162 0.0001601623 visit1
0.1520088282 1.0001865182 0.0001601528 visit1
0.1523566167 1.0000521881 0.0001601406 visit1
0.1527044163 1.0000486071 0.0001601376 visit1
0.1530522164 1.0000127303 0.0001601314 visit1
0.1534000165 1.0000317071 0.0001601328 visit1
0.1537478161 1.0000556514 0.0001601331 visit1
0.1540956162 0.9998409111 0.0001601158 visit1
0.1544434163 0.9999938504 0.0001601276 visit1
0.1547912159 1.0000943325 0.0001601361 visit1
0.1551390160 0.9998216655 0.0001601201 visit1
0.1554868165 0.9997577359 0.0001601194 visit1
0.1558346166 1.0002529259 0.0001601617 visit1
0.1561824162 0.9997901848 0.0001601334 visit1
0.1565302107 1.0003421472 0.0001601791 visit1
0.1568780048 0.9998431278 0.0001601451 visit1
0.1572258044 0.9998641983 0.0001601495 visit1
0.1575736045 1.0001066156 0.0001601745 visit1
0.1579214046 0.9999716353 0.0001601660 visit1
0.1582692047 0.9999586257 0.0001601714 visit1
0.1586170043 0.9997339156 0.0001601598 visit1
0.1589648044 0.9998809074 0.0001601823 visit1
0.1593126045 0.9999347288 0.0001602002 visit1
0.1596604045 0.9999345503 0.0001602137 visit1
0.1600082046 0.9998685011 0.0001602175 visit1
0.1603560047 0.9998998160 0.0001602272 visit1
0.1607037932 0.9999035480 0.0001602319 visit1
0.1610515928 0.9997933392 0.0001602283 visit1
0.1613993929 1.0000539819 0.0001602539 visit1
0.1617471930 1.0001769641 0.0001602702 visit1
0.1620949926 0.9996914700 0.0001602375 visit1
0.1624427927 0.9999527026 0.0001602635 visit1
0.1627905928 1.0003082137 0.0001602977 visit1
0.1631383924 1.0001278257 0.0001602879 visit1
0.1634861925 0.9995726292 0.0001602987 visit1
0.1638339926 1.0001198637 0.0001609057 visit1
0.1641817931 0.9997892801 0.0001622982 visit1
0.1645295927 1.0000753577 0.0001630068 visit1
0.1648773868 0.9999090110 0.0001622685 visit1
0.1652251813 0.9999038443 0.0001622667 visit1
0.1659207926 1.0002194941 0.0001616498 visit1
0.1662685927 0.9998515039 0.0001606063 visit1
0.1666163923 0.9999516467 0.0001603257 visit1
0.1669641924 1.0000264306 0.0001603488 visit1
0.1673119920 1.0001904936 0.0001603485 visit1
0.1676597926 1.0001031867 0.0001603482 visit1
0.1680075922 1.0000061055 0.0001603471 visit1
0.1683553918 0.9998191849 0.0001603329 visit1
0.1687031919 1.0000131608 0.0001603486 visit1
0.1690509925 0.9999473942 0.0001603492 visit1
0.1693987809 0.9999274251 0.0001603469 visit1
0.1697465805 1.0001573671 0.0001603630 visit1
0.1700943811 1.0001137139 0.0001603643 visit1
0.1704421807 1.0002590578 0.0001603743 visit1
0.1707899808 1.0000837611 0.0001603605 visit1
0.1711377804 1.0001060184 0.0001603599 visit1
0.1714855805 1.0000365469 0.0001603545 visit1
0.1718333806 1.0002153241 0.0001604962 visit1
0.1721811802 1.0002327270 0.0001603785 visit1
0.1725289803 1.0000782207 0.0001603251 visit1
0.1728767804 1.0000435197 0.0001603120 visit1
0.1732245744 1.0002231964 0.0001603232 visit1
0.1735723685 1.0000233110 0.0001603056 visit1
0.1739201685 1.0001673897 0.0001603161 visit1
0.1742679691 1.0000016914 0.0001603044 visit1
0.1746157687 0.9998525707 0.0001602946 visit1
0.1749635688 0.9998851623 0.0001602962 visit1
0.1753113689 1.0003037353 0.0001603295 visit1
0.1756591685 1.0001635835 0.0001603212 visit1
0.1760069686 0.9999923996 0.0001603074 visit1
0.1763547687 1.0000322744 0.0001603117 visit1
0.1767025688 0.9999402708 0.0001603063 visit1
0.1770503684 1.0001480878 0.0001603275 visit1
0.1773981685 0.9999689914 0.0001603194 visit1
0.1777459569 0.9999876547 0.0001603268 visit1
0.1780937565 1.0000449493 0.0001603369 visit1
0.1784415566 0.9996695838 0.0001603138 visit1
0.1787893567 0.9996598282 0.0001603415 visit1
0.1791371568 1.0000388792 0.0001603571 visit1
0.1794849564 1.0001223604 0.0001603668 visit1
0.1798327565 0.9998544265 0.0001603415 visit1
0.1801805571 1.0001022962 0.0001603559 visit1
0.1805283567 0.9998447553 0.0001603328 visit1
0.1808761568 0.9998434953 0.0001603308 visit1
0.1812239569 0.9999793151 0.0001603379 visit1
0.1815717509 0.9998839387 0.0001603278 visit1
0.1819195505 0.9999510742 0.0001603347 visit1
0.1822673450 0.9998153218 0.0001603263 visit1
0.1826151451 0.9997672738 0.0001603246 visit1
0.1829629447 0.9997150334 0.0001603208 visit1
0.1833107448 0.9998494181 0.0001603327 visit1
0.1836585449 1.0002594879 0.0001603614 visit1
0.1840063445 0.9998176520 0.0001603260 visit1
0.1843541446 0.9999946979 0.0001603388 visit1
0.1847019447 0.9999696803 0.0001603352 visit1
0.1850497448 1.0003362322 0.0001604571 visit1
0.1853975444 1.0001097444 0.0001611999 visit1
0.1857453440 1.0006448720 0.0001633430 visit1
0.1860931329 1.0003974415 0.0001644774 visit1
0.1864409326 1.0007488563 0.0001642085 visit1
0.1867887331 1.0005069110 0.0001639837 visit1
0.1871365327 1.0000228319 0.0001644753 visit1
0.1874843333 1.0003724194 0.0001618558 visit1
0.1878321329 1.0003070672 0.0001606406 visit1
0.1881799325 1.0000691974 0.0001603626 visit1
0.1885277331 0.9997914204 0.0001603458 visit1
0.1888755327 1.0003245248 0.0001603610 visit1
0.1892233328 1.0002245431 0.0001603669 visit1
0.1895711324 0.9999506556 0.0001603529 visit1
0.1899189325 1.0000059497 0.0001603684 visit1
0.1902667265 0.9997198116 0.0001603608 visit1
0.1906145206 0.9998887218 0.0001603955 visit1
0.1909623207 1.0003047721 0.0001605034 visit1
0.1913101207 0.9998222774 0.0001605414 visit1
0.1916579208 0.9999834895 0.0001604176 visit1
0.1920057205 1.0000377502 0.0001603473 visit1
0.1923535205 1.0000016932 0.0001603143 visit1
0.1927013206 1.0001389421 0.0001603082 visit1
0.1930491203 1.0000913992 0.0001602927 visit1
0.1933969203 0.9998787165 0.0001602693 visit1
0.1937447204 1.0000422608 0.0001602876 visit1
0.1940925200 1.0001307656 0.0001602751 visit1
0.1944403141 1.0000067902 0.0001602414 visit1
0.1947881086 1.0003698233 0.0001602562 visit1
0.1951359091 1.0001071121 0.0001602270 visit1
0.1954837088 1.0002946721 0.0001602351 visit1
0.1958315088 1.0000697728 0.0001602177 visit1
0.1961793089 1.0002965023 0.0001602288 visit1
0.1965271086 1.0000709823 0.0001602080 visit1
0.1968749086 1.0003230474 0.0001602257 visit1
0.1972227087 1.0002594533 0.0001602152 visit1
0.1975705088 0.9998816685 0.0001601852 visit1
0.1979183084 1.0002373406 0.0001602101 visit1
0.1982661085 1.0001150212 0.0001602002 visit1
0.1986139086 1.0002060540 0.0001602062 visit1
0.2066132841 0.9998231226 0.0001602263 visit1
0.2069610846 1.0001701992 0.0001602561 visit1
0.2073088731 1.0000875712 0.0001602509 visit1
0.2076566727 1.0005181690 0.0001602904 visit1
0.2080044723 1.0001848509 0.0001602644 visit1
0.2083522729 1.0001826708 0.0001602655 visit1
0.2087000725 1.0002827544 0.0001603100 visit1
0.2090478726 0.9997458367 0.0001606855 visit1
0.2093956722 1.0000993899 0.0001616670 visit1
0.2097434723 1.0001185258 0.0001616680 visit1
0.2100912724 0.9999659472 0.0001615065 visit1
0.2104390720 1.0003371997 0.0001621051 visit1
0.2107868725 0.9999943950 0.0001613488 visit1
0.2111346722 1.0001805220 0.0001604641 visit1
0.2114824662 1.0002265382 0.0001603203 visit1
0.2118302602 1.0000244176 0.0001603141 visit1
0.2121780603 0.9999044872 0.0001602908 visit1
0.2125258604 1.0000676455 0.0001603069 visit1
0.2128736600 1.0000588926 0.0001603034 visit1
0.2132214601 1.0002197773 0.0001603201 visit1
0.2135692602 0.9999929779 0.0001603111 visit1
0.2139170598 1.0000996209 0.0001603192 visit1
0.2142648599 1.0001047147 0.0001603259 visit1
0.2146126600 1.0001325275 0.0001603348 visit1
0.2149604601 1.0002724551 0.0001603486 visit1
0.2153082597 1.0001386353 0.0001603112 visit1
0.2156560542 1.0002381442 0.0001602982 visit1
0.2160038482 1.0000383305 0.0001602702 visit1
0.2163516479 1.0003361182 0.0001602820 visit1
0.2166994479 1.0001095747 0.0001602479 visit1
0.2170472480 1.0002278350 0.0001602418 visit1
0.2173950481 0.9997874961 0.0001602033 visit1
0.2177428477 1.0000902060 0.0001602233 visit1
0.2180906478 1.0002416254 0.0001602032 visit1
0.2184384479 1.0001104876 0.0001601756 visit1
0.2187862475 0.9999648245 0.0001601561 visit1
0.2191340476 1.0001156454 0.0001601622 visit1
0.2194818477 1.0000490654 0.0001601535 visit1
0.2198296473 1.0004934703 0.0001601847 visit1
0.2201774358 1.0002258347 0.0001601591 visit1
0.2205252359 1.0000261121 0.0001601388 visit1
0.2208730360 1.0000340665 0.0001601392 visit1
0.2212208356 0.9999379110 0.0001601303 visit1
0.2215686357 1.0001039480 0.0001601405 visit1
0.2219164358 0.9999432027 0.0001601267 visit1
0.2222642354 1.0001736210 0.0001601423 visit1
0.2226120355 1.0001799942 0.0001601436 visit1
0.2229598355 1.0001272934 0.0001601394 visit1
0.2233076356 0.9999891770 0.0001601326 visit1
0.2236554408 1.0000271278 0.0001601404 visit1
0.2240032470 1.0000902502 0.0001601511 visit1
0.2243510410 1.0001161403 0.0001601601 visit1
0.2246988351 1.0003116476 0.0001601769 visit1
0.2250466351 1.0001374452 0.0001601663 visit1
0.2253944352 0.9999122861 0.0001601516 visit1
0.2257422348 1.0001315751 0.0001601730 visit1
0.2260900349 1.0004559301 0.0001602026 visit1
0.2264378346 1.0001174910 0.0001601784 visit1
0.2267856351 0.9999344620 0.0001601723 visit1
0.2271334347 0.9999866056 0.0001601862 visit1
0.2274812344 0.9999280654 0.0001601948 visit1
0.2278290349 1.0000488962 0.0001602189 visit1
0.2281768345 1.0000272615 0.0001602273 visit1
0.2285246286 1.0002635700 0.0001602532 visit1
0.2288724226 1.0004524083 0.0001602727 visit1
0.2292202231 0.9999457439 0.0001602383 visit1
0.2295680228 1.0002676895 0.0001602704 visit1
0.2299158229 1.0001646460 0.0001602660 visit1
0.2302636225 1.0001942243 0.0001602748 visit1
0.2306114226 1.0000048996 0.0001602642 visit1
0.2309592227 0.9999840162 0.0001602693 visit1
0.2313070223 1.0002677217 0.0001602981 visit1
0.2316548228 1.0002124272 0.0001603543 visit1
0.2320026224 1.0000042155 0.0001609379 visit1
0.2323504221 1.0001143965 0.0001623951 visit1
0.2326982222 1.0004160785 0.0001629702 visit1
0.2330460106 1.0002450553 0.0001621946 visit1
0.2333938107 1.0000315897 0.0001623775 visit1
0.2337416103 1.0004462460 0.0001631483 visit1
0.2340894104 1.0003470842 0.0001614827 visit1
0.2347850101 1.0000840353 0.0001603322 visit1
0.2351328102 1.0001595471 0.0001603599 visit1
0.2354806103 0.9998119875 0.0001603159 visit1
0.2358284104 1.0004654328 0.0001603756 visit1
0.2361762100 1.0001871603 0.0001603587 visit1
0.2365240101 1.0001488221 0.0001603577 visit1
0.2368718102 1.0002525670 0.0001603699 visit1
0.2372195981 1.0000481068 0.0001603522 visit1
0.2375673982 1.0000867380 0.0001603561 visit1
0.2379151983 0.9999577205 0.0001603473 visit1
0.2382629984 1.0000434078 0.0001603535 visit1
0.2386107980 0.9997589052 0.0001603332 visit1
0.2389585981 0.9997917462 0.0001603316 visit1
0.2393063982 1.0004118842 0.0001603773 visit1
0.2396541978 1.0001663286 0.0001603612 visit1
0.2400019979 1.0001616949 0.0001604909 visit1
0.2403497980 0.9999605649 0.0001603358 visit1
0.2406975976 1.0001099213 0.0001603217 visit1
0.2410453977 1.0002373468 0.0001603231 visit1
0.2413931917 0.9998500181 0.0001602876 visit1
0.2417409862 0.9999117659 0.0001602906 visit1
0.2420887859 1.0000523087 0.0001603026 visit1
0.2424365859 0.9999771385 0.0001602954 visit1
0.2427843860 0.9997026478 0.0001602743 visit1
0.2431321852 0.9996620903 0.0001602715 visit1
0.2434799853 1.0001056984 0.0001603076 visit1
0.2438277854 1.0000509948 0.0001603049 visit1
0.2441755855 0.9999326382 0.0001602937 visit1
0.2445233851 0.9998459091 0.0001602901 visit1
0.2448711847 1.0002509023 0.0001603226 visit1
0.2452189852 0.9997441774 0.0001602880 visit1
0.2455667849 0.9998549140 0.0001603031 visit1
0.2459145733 0.9999403333 0.0001603140 visit1
0.2462623729 0.9998106257 0.0001603080 visit1
0.2466101735 0.9998836008 0.0001603300 visit1
0.2469579731 0.9997138713 0.0001603253 visit1
0.2473057727 1.0002019430 0.0001603699 visit1
0.2476535733 0.9998840516 0.0001603431 visit1
0.2480013729 0.9998012222 0.0001603389 visit1
0.2483491730 0.9997556595 0.0001603291 visit1
0.2486969726 0.9996405927 0.0001603175 visit1
0.2490447727 0.9999906038 0.0001603409 visit1
0.2493925728 0.9998174276 0.0001603237 visit1
0.2497403724 0.9997468010 0.0001603140 visit1
0.2500881609 0.9995938736 0.0001603087 visit1
0.2504359609 0.9999489323 0.0001603236 visit1
0.2507837610 0.9998287971 0.0001603133 visit1
0.2511315607 0.9997872401 0.0001603188 visit1
0.2514793607 0.9995387564 0.0001603025 visit1
0.2518271608 0.9999369574 0.0001603289 visit1
0.2521749604 0.9996614792 0.0001603046 visit1
0.2525227605 0.9996736998 0.0001603008 visit1
0.2528705606 0.9997462068 0.0001603079 visit1
0.2532183602 0.9996887411 0.0001603984 visit1
0.2535661603 0.9998226106 0.0001611807 visit1
0.2539139604 1.0004808331 0.0001633348 visit1
0.2542617545 1.0003643268 0.0001643393 visit1
0.2546095485 1.0005477992 0.0001640229 visit1
0.2549573481 1.0005779675 0.0001639175 visit1
0.2553051482 0.9997626460 0.0001641345 visit1
0.2556529483 0.9999824104 0.0001615905 visit1
0.2560007479 0.9998999606 0.0001605230 visit1
0.2563485480 1.0000418589 0.0001603486 visit1
0.2566963481 0.9999103442 0.0001603357 visit1
0.2570441477 0.9997676826 0.0001603063 visit1
0.2573919478 0.9997645770 0.0001603189 visit1
0.2577397479 0.9998196084 0.0001603269 visit1
0.2580875475 0.9997391582 0.0001603328 visit1
0.2584353476 0.9998739757 0.0001603574 visit1
0.2587831360 0.9998234454 0.0001603773 visit1
0.2591309361 0.9998187938 0.0001604477 visit1
0.2594787357 0.9998824241 0.0001605194 visit1
0.2598265358 0.9997428650 0.0001603863 visit1
0.2601743359 0.9997016087 0.0001603026 visit1
0.2605221355 1.0000882726 0.0001603075 visit1
0.2608699356 0.9998616806 0.0001602724 visit1
0.2612177357 0.9997948860 0.0001602546 visit1
0.2615655358 0.9997205225 0.0001602444 visit1
0.2619133354 0.9994523158 0.0001602286 visit1
0.2622611355 0.9998469748 0.0001602349 visit1
0.2626089356 0.9999382595 0.0001602186 visit1
0.2629567236 0.9999994830 0.0001602108 visit1
0.2633045232 0.9997468902 0.0001601825 visit1
0.2636523233 0.9995468659 0.0001601635 visit1
0.2640001234 0.9999312359 0.0001601899 visit1
0.2643479230 0.9999087354 0.0001601828 visit1
0.2772164852 1.0000945883 0.0001606821 visit1
0.2775642853 0.9996143923 0.0001615472 visit1
0.2779120849 1.0000162642 0.0001615249 visit1
0.2782598850 0.9999155384 0.0001613944 visit1
0.2786076851 1.0000411124 0.0001619531 visit1
0.2789554847 0.9999364695 0.0001610903 visit1
0.2793032848 0.9997606095 0.0001603390 visit1
0.2796510849 0.9997948521 0.0001602652 visit1
0.2799988789 0.9999918593 0.0001602912 visit1
0.2803466730 0.9999293886 0.0001602745 visit1
0.2806944731 1.0000762438 0.0001602939 visit1
0.2810422727 0.9997009957 0.0001602706 visit1
0.2813900784 0.9998580083 0.0001602889 visit1
0.2817378840 0.9995188019 0.0001602757 visit1
0.2824334837 0.9997852472 0.0001602949 visit1
0.2827812838 1.0000642244 0.0001603251 visit1
0.2831290839 0.9999725672 0.0001603230 visit1
0.2834768840 1.0000810733 0.0001603136 visit1
0.2838246836 0.9998531431 0.0001602818 visit1
0.2841724777 1.0000225604 0.0001602729 visit1
0.2845202722 0.9996023472 0.0001602255 visit1
0.2848680723 1.0000033202 0.0001602476 visit1
0.2852158719 0.9996671236 0.0001602098 visit1
0.2855636715 0.9998212065 0.0001602159 visit1
0.2859114716 0.9999425036 0.0001602248 visit1
0.2862592712 0.9999339859 0.0001601948 visit1
0.2866070713 0.9999364282 0.0001601810 visit1
0.2869548714 0.9998240426 0.0001601632 visit1
0.2873026710 0.9996690182 0.0001601470 visit1
0.2876504711 0.9996373930 0.0001601317 visit1
0.2879982707 0.9998748281 0.0001601414 visit1
0.2883460713 0.9995564548 0.0001601059 visit1
0.2886938648 0.9999190480 0.0001601409 visit1
0.2890416593 0.9999543892 0.0001601362 visit1
0.2893894594 0.9999745828 0.0001601342 visit1
0.2897372590 0.9997325858 0.0001601117 visit1
0.2900850591 1.0000064891 0.0001601299 visit1
0.2904328583 0.9996716993 0.0001601016 visit1
0.2907806588 0.9999669873 0.0001601247 visit1
0.2911284585 1.0000134620 0.0001601281 visit1
0.2914762581 0.9999246339 0.0001601263 visit1
0.2918240582 0.9996712969 0.0001601102 visit1
0.2921718583 1.0000239387 0.0001601422 visit1
0.2925196583 0.9998008606 0.0001601301 visit1
0.2928674519 0.9997388710 0.0001601264 visit1
0.2932152469 0.9996778695 0.0001601250 visit1
0.2935630465 1.0000851920 0.0001601576 visit1
0.2939108461 0.9996493500 0.0001601277 visit1
0.2942586462 0.9999686706 0.0001601570 visit1
0.2946064458 1.0000060953 0.0001601644 visit1
0.2949542459 0.9998965646 0.0001601614 visit1
0.2953020455 0.9997736773 0.0001601583 visit1
0.2956498456 0.9997619387 0.0001601720 visit1
0.2959976457 0.9998613144 0.0001601925 visit1
0.2963454453 0.9998752295 0.0001602046 visit1
0.2966932454 1.0000743857 0.0001602294 visit1
0.2970410455 1.0001101390 0.0001602379 visit1
0.2973888339 0.9999666376 0.0001602343 visit1
0.2977366336 1.0000225204 0.0001602424 visit1
0.2980844337 0.9997258418 0.0001602238 visit1
0.2984322333 0.9996747494 0.0001602282 visit1
0.2987800329 0.9997938725 0.0001602415 visit1
0.2991278330 0.9997990286 0.0001602454 visit1
0.2994756331 0.9999182829 0.0001602642 visit1
0.2998234327 1.0002740732 0.0001603479 visit1
0.3001712328 0.9999176820 0.0001609051 visit1
0.3005190329 0.9997943133 0.0001623301 visit1
0.3008668330 1.0003888141 0.0001628577 visit1
0.3012146326 1.0001901143 0.0001620552 visit1
0.3015624327 0.9998312422 0.0001623635 visit1
0.3019102211 0.9999003644 0.0001628590 visit1
0.3022580203 0.9998968898 0.0001612603 visit1
0.3026058204 0.9999984088 0.0001604580 visit1
0.3029536204 0.9999880743 0.0001603155 visit1
0.3033014205 0.9998145674 0.0001603178 visit1
0.3036492201 1.0000099242 0.0001603244 visit1
0.3039970198 0.9999167275 0.0001603249 visit1
0.3043448203 0.9998466055 0.0001603221 visit1
0.3046926199 1.0000052095 0.0001603341 visit1
0.3050404200 0.9999056327 0.0001603293 visit1
0.3053882201 1.0001909247 0.0001603529 visit1
0.3057360193 1.0001768031 0.0001603528 visit1
0.3060838077 1.0000835567 0.0001603476 visit1
0.3064316073 0.9998325283 0.0001603269 visit1
0.3067794079 0.9998670354 0.0001603296 visit1
0.3071272075 0.9999506677 0.0001603320 visit1
0.3074750076 0.9998884076 0.0001603202 visit1
0.3078228077 0.9999927977 0.0001603339 visit1
0.3081706073 0.9999160683 0.0001604510 visit1
0.3085184074 0.9998706552 0.0001603122 visit1
0.3088662070 0.9998631702 0.0001602902 visit1
0.3092140071 0.9995455191 0.0001602551 visit1
0.3095618067 0.9998912123 0.0001602796 visit1
0.3099096064 1.0001317466 0.0001602954 visit1
0.3102574009 1.0000566239 0.0001602898 visit1
0.3106051949 1.0000888137 0.0001602940 visit1
0.3109529950 0.9999134696 0.0001602773 visit1
0.3113007946 1.0000424745 0.0001602888 visit1
0.3116485951 0.9996322600 0.0001602603 visit1
0.3119963948 0.9999700568 0.0001602844 visit1
0.3123441939 0.9999033787 0.0001602790 visit1
0.3126919940 1.0001782872 0.0001603016 visit1
0.3130397941 1.0001500535 0.0001602985 visit1
0.3133875942 1.0000682850 0.0001602931 visit1
0.3137353938 0.9995359677 0.0001602515 visit1
0.3140831939 0.9995752587 0.0001602571 visit1
0.3144309940 1.0002708907 0.0001603217 visit1
0.3147787880 1.0002774592 0.0001603343 visit1
0.3151265820 1.0001210941 0.0001603340 visit1
0.3154743817 1.0001749850 0.0001603442 visit1
0.3158221818 1.0002640686 0.0001603538 visit1
0.3161699814 1.0002450758 0.0001603562 visit1
0.3165177815 0.9999556519 0.0001603322 visit1
0.3168655816 1.0000949603 0.0001603438 visit1
0.3172133812 1.0001620013 0.0001603413 visit1
0.3175611813 0.9999595215 0.0001603224 visit1
0.3179089813 1.0002909273 0.0001603444 visit1
0.3182567814 1.0000917249 0.0001603275 visit1
0.3186045806 1.0001485819 0.0001603281 visit1
0.3193001691 1.0000068136 0.0001603139 visit1
0.3196479687 0.9999667407 0.0001603127 visit1
0.3199957688 0.9999604323 0.0001603176 visit1
0.3203435689 1.0000859052 0.0001603249 visit1
0.3206913690 1.0002528158 0.0001603354 visit1
0.3210391686 1.0000173120 0.0001603136 visit1
0.3213869687 1.0001249721 0.0001603970 visit1
0.3217347683 1.0005081378 0.0001611436 visit1
0.3220825680 1.0003726471 0.0001631644 visit1
0.3224303680 1.0006826845 0.0001641180 visit1
0.3227781681 1.0003478926 0.0001637676 visit1
0.3231259678 1.0008395632 0.0001637670 visit1
0.3234737618 1.0003029192 0.0001637985 visit1
0.3238215563 1.0007100064 0.0001614475 visit1
0.3241693564 1.0001748413 0.0001604655 visit1
0.3245171555 1.0000889183 0.0001603299 visit1
0.3248649556 0.9998846610 0.0001603101 visit1
0.3252127557 0.9999617058 0.0001603029 visit1
0.3255605553 0.9999908068 0.0001603183 visit1
0.3259083554 0.9997467106 0.0001603027 visit1
0.3262561550 1.0001742192 0.0001603469 visit1
0.3266039556 0.9997627769 0.0001603279 visit1
0.3269517552 1.0001732079 0.0001603804 visit1
0.3272995544 1.0000991454 0.0001604418 visit1
0.3276473489 0.9998699612 0.0001604816 visit1
0.3279951429 0.9997906905 0.0001603508 visit1
0.3283429430 0.9998674150 0.0001602954 visit1
0.3286907426 0.9998309588 0.0001602678 visit1
0.3290385432 0.9999683320 0.0001602614 visit1
0.3293863428 0.9997967431 0.0001602362 visit1
0.3297341424 0.9998995398 0.0001602408 visit1
0.3300819425 1.0002133087 0.0001602680 visit1
0.3304297421 0.9999740674 0.0001602267 visit1
0.3307775422 1.0000219460 0.0001602089 visit1
0.3311253418 0.9999429369 0.0001601905 visit1
0.3314731419 1.0000142188 0.0001601877 visit1
0.3318209420 0.9998499818 0.0001601698 visit1
0.3321687360 0.9996071325 0.0001601467 visit1
0.3325165296 0.9997131408 0.0001601509 visit1
0.3328643297 0.9999909606 0.0001601701 visit1
0.3332121298 1.0003569769 0.0001601976 visit1
0.3460807023 1.0000528925 0.0001613675 visit1
0.3464285019 0.9999739193 0.0001612461 visit1
0.3467763020 1.0002591713 0.0001617675 visit1
0.3471241016 1.0000554123 0.0001608542 visit1
0.3474719017 1.0001571415 0.0001602886 visit1
0.3478197013 1.0000839005 0.0001602515 visit1
0.3481675009 1.0004002268 0.0001602885 visit1
0.3485153015 1.0000002937 0.0001602511 visit1
0.3488631011 1.0003019030 0.0001602829 visit1
0.3492109012 1.0002974566 0.0001602840 visit1
0.3495587003 1.0000821865 0.0001602657 visit1
0.3499064893 1.0000589261 0.0001602689 visit1
0.3502542889 1.0003225443 0.0001602992 visit1
0.3506020885 1.0002101773 0.0001603158 visit1
0.3509498890 1.0000566771 0.0001603379 visit1
0.3512976887 1.0003077221 0.0001603697 visit1
0.3516454888 1.0002797770 0.0001603432 visit1
0.3519932879 1.0002299194 0.0001603164 visit1
0.3523410880 1.0004734509 0.0001603105 visit1
0.3526888881 1.0003405298 0.0001602793 visit1
0.3530366877 1.0000752565 0.0001602457 visit1
0.3533844878 1.0002650370 0.0001602448 visit1
0.3537322879 1.0001275398 0.0001602397 visit1
0.3540800759 1.0000284024 0.0001602191 visit1
0.3544278755 1.0000148845 0.0001601937 visit1
0.3547756756 1.0002031067 0.0001601979 visit1
0.3551234757 1.0000158713 0.0001601791 visit1
0.3554712753 0.9999921648 0.0001601776 visit1
0.3558190754 1.0003085877 0.0001602040 visit1
0.3561668750 1.0001277696 0.0001601818 visit1
0.3565146746 0.9998877626 0.0001601562 visit1
0.3568624747 1.0000209436 0.0001601561 visit1
0.3572102748 1.0001281506 0.0001601528 visit1
0.3575580749 0.9997620898 0.0001601215 visit1
0.3579058745 0.9997539973 0.0001601067 visit1
0.3582536741 0.9999665750 0.0001601212 visit1
0.3586014626 0.9997783007 0.0001601069 visit1
0.3589492622 0.9999515829 0.0001601246 visit1
0.3592970623 0.9992543023 0.0001600736 visit1
0.3596448624 0.9999304223 0.0001601259 visit1
0.3599926624 0.9994402782 0.0001600904 visit1
0.3603404616 0.9996251210 0.0001601042 visit1
0.3606882617 0.9997971891 0.0001601229 visit1
0.3610360618 0.9997658306 0.0001601210 visit1
0.3613838614 0.9994905958 0.0001601003 visit1
0.3617316615 0.9993074155 0.0001600889 visit1
0.3620794616 0.9991652904 0.0001600798 visit1
0.3624272607 0.9995599549 0.0001601155 visit1
0.3627750548 0.9991797544 0.0001600886 visit1
0.3631228493 0.9991630416 0.0001600904 visit1
0.3634706493 0.9991076578 0.0001600956 visit1
0.3638184490 0.9991338759 0.0001601066 visit1
0.3641662491 0.9990792275 0.0001601147 visit1
0.3645140487 0.9990735802 0.0001601277 visit1
0.3648618483 0.9987058956 0.0001601090 visit1
0.3652096484 0.9988488889 0.0001601270 visit1
0.3655574480 0.9988007262 0.0001601305 visit1
0.3659052486 0.9987669591 0.0001601307 visit1
0.3662530482 0.9985360594 0.0001601195 visit1
0.3666008473 0.9986564620 0.0001601368 visit1
0.3669486479 0.9988416369 0.0001601551 visit1
0.3672964359 0.9988241318 0.0001601565 visit1
0.3676442360 0.9988938591 0.0001601700 visit1
0.3679920356 0.9986201919 0.0001601895 visit1
0.3683398361 0.9987482136 0.0001607189 visit1
0.3686876353 0.9985089224 0.0001620910 visit1
0.3690354349 0.9987649411 0.0001625824 visit1
0.3693832355 0.9989192584 0.0001617743 visit1
0.3697310351 0.9986893082 0.0001621600 visit1
0.3700788352 0.9985429174 0.0001624637 visit1
0.3704266343 0.9984924857 0.0001609594 visit1
0.3707744344 0.9984210997 0.0001602625 visit1
0.3711222345 0.9983254902 0.0001601739 visit1
0.3714700341 0.9985033964 0.0001601960 visit1
0.3718178226 0.9987358483 0.0001602070 visit1
0.3721656227 0.9983172663 0.0001601842 visit1
0.3725134223 0.9983657139 0.0001601892 visit1
0.3728612219 0.9985751077 0.0001602087 visit1
0.3732090225 0.9987475763 0.0001602212 visit1
0.3735568221 0.9986536400 0.0001602164 visit1
0.3739046217 0.9984723043 0.0001602013 visit1
0.3742524213 0.9986431714 0.0001602162 visit1
0.3746002214 0.9983033375 0.0001601893 visit1
0.3749480215 0.9982672203 0.0001601811 visit1
0.3752958211 0.9985791902 0.0001601994 visit1
0.3756436212 0.9982944364 0.0001601723 visit1
0.3759914152 0.9984307291 0.0001601860 visit1
0.3763392088 0.9985825601 0.0001603101 visit1
0.3766870089 0.9982461805 0.0001601623 visit1
0.3770348090 0.9984272806 0.0001601575 visit1
0.3773826091 0.9984459470 0.0001601498 visit1
0.3777304087 0.9982330951 0.0001601313 visit1
0.3780782083 0.9986091703 0.0001601594 visit1
0.3784260084 0.9984527774 0.0001601451 visit1
0.3787738080 0.9984458459 0.0001601458 visit1
0.3791216081 0.9982604790 0.0001601299 visit1
0.3794694082 0.9982156816 0.0001601284 visit1
0.3798172073 0.9982032739 0.0001601264 visit1
0.3801650074 0.9983998035 0.0001601431 visit1
0.3805128019 0.9986214580 0.0001601595 visit1
0.3808605960 0.9983685946 0.0001601396 visit1
0.3812083956 0.9983776663 0.0001601402 visit1
0.3815561952 0.9983074755 0.0001601346 visit1
0.3819039953 0.9984644460 0.0001601452 visit1
0.3822517949 0.9980445185 0.0001601128 visit1
0.3825995950 0.9983765349 0.0001601469 visit1
0.3829473951 0.9983790811 0.0001601568 visit1
0.3832951947 0.9981438409 0.0001601536 visit1
0.3836429943 0.9983182340 0.0001601746 visit1
0.3839907944 0.9983035068 0.0001601825 visit1
0.3843385945 0.9978327937 0.0001601650 visit1
0.3846863941 0.9981438293 0.0001601687 visit1
0.3850341877 0.9984324650 0.0001601935 visit1
0.3853819822 0.9981951431 0.0001601722 visit1
0.3857297823 0.9982044333 0.0001601694 visit1
0.3860775819 0.9976890361 0.0001601250 visit1
0.3864253815 0.9981492170 0.0001601570 visit1
0.3867731821 0.9979631256 0.0001601416 visit1
0.3871209812 0.9979089832 0.0001601327 visit1
0.3874687813 0.9980971657 0.0001601435 visit1
0.3878165809 0.9975471179 0.0001600980 visit1
0.3881643810 0.9979678050 0.0001601289 visit1
0.3885121807 0.9982195054 0.0001601532 visit1
0.3888599803 0.9977517855 0.0001601205 visit1
0.3892077748 0.9981614745 0.0001601534 visit1
0.3895555688 0.9979720295 0.0001601802 visit1
0.3899033689 0.9979227581 0.0001607745 visit1
0.3902511680 0.9986420719 0.0001626979 visit1
0.3905989681 0.9986483683 0.0001636647 visit1
0.3909467682 0.9987734731 0.0001633262 visit1
0.3912945678 0.9986399638 0.0001633125 visit1
0.3916423684 0.9984170654 0.0001632920 visit1
0.3919901676 0.9981548689 0.0001610742 visit1
0.3923379672 0.9980869704 0.0001602339 visit1
0.3926857673 0.9982020513 0.0001601572 visit1
0.3930335674 0.9982617969 0.0001601532 visit1
0.3933813674 0.9980764582 0.0001601299 visit1
0.3937291605 0.9978591266 0.0001601244 visit1
0.3940769550 0.9983709374 0.0001601680 visit1
0.3944247551 0.9978497344 0.0001601357 visit1
0.3947725547 0.9981401418 0.0001601736 visit1
0.3951203548 0.9979213212 0.0001601743 visit1
0.3954681545 0.9981607170 0.0001602503 visit1
0.3958159545 0.9984182871 0.0001603283 visit1
0.3961637542 0.9979614183 0.0001601830 visit1
0.3965115543 0.9982042890 0.0001601384 visit1
0.3968593543 0.9982220529 0.0001601170 visit1
0.3972071535 0.9981050782 0.0001600905 visit1
0.3975549652 0.9981278274 0.0001600837 visit1
0.3979027653 0.9980707080 0.0001600721 visit1
0.3982505593 0.9981153083 0.0001600796 visit1
0.3985983529 0.9975750452 0.0001600145 visit1
0.3989461530 0.9979123286 0.0001600209 visit1
0.3992939531 0.9978579037 0.0001600030 visit1
0.3996417527 0.9979738414 0.0001600072 visit1
0.3999895528 0.9979070990 0.0001599956 visit1
0.4003373524 0.9980854149 0.0001600050 visit1
0.4006851520 0.9979013287 0.0001599858 visit1
0.4010329521 0.9978969629 0.0001599825 visit1
0.4013807522 0.9976312703 0.0001599590 visit1
0.4017285518 0.9975343112 0.0001599488 visit1
0.4020763515 0.9977616116 0.0001599649 visit1
0.4024241515 0.9980390662 0.0001599902 visit1
0.4135537115 0.9976575723 0.0001602537 visit1
0.4139015116 0.9978874209 0.0001610206 visit1
0.4142493112 0.9975638953 0.0001609572 visit1
0.4145971108 0.9975641643 0.0001608328 visit1
0.4149449109 0.9980349651 0.0001613001 visit1
0.4152927110 0.9974343476 0.0001604310 visit1
0.4156405102 0.9977036810 0.0001600607 visit1
0.4159882986 0.9977905320 0.0001600645 visit1
0.4163360987 0.9974596554 0.0001600439 visit1
0.4166838988 0.9978172150 0.0001600699 visit1
0.4170316979 0.9973981539 0.0001600426 visit1
0.4173794980 0.9978140647 0.0001600741 visit1
0.4177272981 0.9970121739 0.0001600662 visit1
0.4180750977 0.9975801675 0.0001600563 visit1
0.4184228978 0.9979548585 0.0001601098 visit1
0.4187706974 0.9973654356 0.0001600837 visit1
0.4191184971 0.9976872305 0.0001601253 visit1
0.4194662971 0.9976966166 0.0001601257 visit1
0.4198140972 0.9977729444 0.0001600910 visit1
0.4201618969 0.9979240108 0.0001600858 visit1
0.4205096848 0.9976329257 0.0001600494 visit1
0.4208574849 0.9977327329 0.0001600499 visit1
0.4212052850 0.9979328951 0.0001600588 visit1
0.4215530842 0.9976565580 0.0001600299 visit1
0.4219008842 0.9975157013 0.0001600138 visit1
0.4222486843 0.9978841390 0.0001600364 visit1
0.4225964844 0.9975506809 0.0001599876 visit1
0.4229442836 0.9978596532 0.0001600002 visit1
0.4232920832 0.9975472215 0.0001599684 visit1
0.4236398838 0.9976390456 0.0001599672 visit1
0.4239876834 0.9973957595 0.0001599424 visit1
0.4243354830 0.9976862834 0.0001599589 visit1
0.4246832714 0.9975302875 0.0001599451 visit1
0.4250310715 0.9977468592 0.0001599635 visit1
0.4253788712 0.9975105969 0.0001599506 visit1
0.4257266703 0.9973205011 0.0001599370 visit1
0.4260744709 0.9975277377 0.0001599429 visit1
0.4264222705 0.9976012592 0.0001599420 visit1
0.4267700706 0.9974278888 0.0001599255 visit1
0.4271178702 0.9977784340 0.0001599484 visit1
0.4274656698 0.9977356570 0.0001599465 visit1
0.4278134699 0.9979895777 0.0001599703 visit1
0.4281612695 0.9975740952 0.0001599405 visit1
0.4285090696 0.9976104864 0.0001599403 visit1
0.4288568692 0.9977996484 0.0001599516 visit1
0.4292046577 0.9976193677 0.0001599379 visit1
0.4295524573 0.9978015785 0.0001599540 visit1
0.4299002569 0.9979134573 0.0001599648 visit1
0.4302480570 0.9975840417 0.0001599419 visit1
0.4305958566 0.9973453045 0.0001599249 visit1
0.4309436572 0.9979341828 0.0001599747 visit1
0.4312914563 0.9979281629 0.0001599764 visit1
0.4316392560 0.9972901168 0.0001599326 visit1
0.4319870560 0.9977177263 0.0001599744 visit1
0.4323348561 0.9975321639 0.0001599681 visit1
0.4326826558 0.9977062960 0.0001599967 visit1
0.4330304554 0.9976537663 0.0001600056 visit1
0.4333782555 0.9978959486 0.0001600306 visit1
0.4337260439 0.9975134638 0.0001600092 visit1
0.4340738435 0.9976161622 0.0001600209 visit1
0.4344216431 0.9978149349 0.0001600439 visit1
0.4347694432 0.9972640759 0.0001600056 visit1
0.4351172433 0.9976561571 0.0001600416 visit1
0.4354650425 0.9975888557 0.0001600413 visit1
0.4358128426 0.9976645089 0.0001600518 visit1
0.4361606427 0.9976501882 0.0001600767 visit1
0.4365084418 0.9977380590 0.0001604814 visit1
0.4368562419 0.9978937794 0.0001617760 visit1
0.4372040420 0.9977792741 0.0001623117 visit1
0.4375518421 0.9976560388 0.0001614779 visit1
0.4378996352 0.9978755128 0.0001618799 visit1
0.4382474297 0.9978496837 0.0001621207 visit1
0.4385952298 0.9976969593 0.0001607243 visit1
0.4389430294 0.9977419060 0.0001601454 visit1
0.4392908290 0.9978919630 0.0001601177 visit1
0.4396386291 0.9977815180 0.0001601128 visit1
0.4399864292 0.9977190591 0.0001601050 visit1
0.4403342288 0.9977531621 0.0001601159 visit1
0.4406820284 0.9977016104 0.0001601130 visit1
0.4410298285 0.9977633765 0.0001601194 visit1
0.4413776281 0.9978580063 0.0001601281 visit1
0.4417254282 0.9980051686 0.0001601421 visit1
0.4420732278 0.9979603597 0.0001601383 visit1
0.4424210219 0.9975610204 0.0001601051 visit1
0.4427688159 0.9976812917 0.0001601129 visit1
0.4431166155 0.9978554886 0.0001601192 visit1
0.4434644156 0.9978036519 0.0001601077 visit1
0.4438122152 0.9977063202 0.0001600962 visit1
0.4441600153 0.9976529324 0.0001601000 visit1
0.4445078149 0.9978901925 0.0001602127 visit1
0.4448556146 0.9976211451 0.0001600885 visit1
0.4452034147 0.9976500847 0.0001600719 visit1
0.4455512147 0.9980713334 0.0001600966 visit1
0.4458990144 0.9975363025 0.0001600522 visit1
0.4462468140 0.9975190812 0.0001600496 visit1
0.4465946136 0.9977809261 0.0001600695 visit1
0.4469424076 0.9977055716 0.0001600630 visit1
0.4472902017 0.9978709012 0.0001600775 visit1
0.4476380018 0.9976138869 0.0001600569 visit1
0.4479858014 0.9974558245 0.0001600416 visit1
0.4483336015 0.9975858328 0.0001600551 visit1
0.4486814011 0.9977199235 0.0001600652 visit1
0.4490292007 0.9977693050 0.0001600668 visit1
0.4493770013 0.9977510487 0.0001600678 visit1
0.4497248004 0.9979289183 0.0001600806 visit1
0.4500726005 0.9981590202 0.0001600973 visit1
0.4504204001 0.9976000504 0.0001600556 visit1
0.4507681997 0.9973689140 0.0001600442 visit1
0.4511159938 0.9977183970 0.0001600794 visit1
0.4514637878 0.9974913931 0.0001600704 visit1
0.4518115879 0.9978024536 0.0001601030 visit1
0.4521593875 0.9978308892 0.0001601127 visit1
0.4525071876 0.9979817451 0.0001601267 visit1
0.4528549872 0.9976716468 0.0001601008 visit1
0.4532027869 0.9977835421 0.0001601152 visit1
0.4535505869 0.9975668953 0.0001601011 visit1
0.4538983866 0.9975121890 0.0001600941 visit1
0.4542461867 0.9974306958 0.0001600873 visit1
0.4545939863 0.9976185527 0.0001600948 visit1
0.4549417919 0.9971799169 0.0001600572 visit1
0.4552895920 0.9975472753 0.0001600831 visit1
0.4556373912 0.9974838440 0.0001600753 visit1
0.4559851857 0.9977736404 0.0001600929 visit1
0.4563329853 0.9972495546 0.0001600504 visit1
0.4566807854 0.9974976914 0.0001600727 visit1
0.4570285850 0.9974771582 0.0001600721 visit1
0.4573763846 0.9977886829 0.0001600954 visit1
0.4577241847 0.9975902679 0.0001601034 visit1
0.4580719844 0.9976619422 0.0001605238 visit1
0.4584197840 0.9978737092 0.0001621475 visit1
0.4587675841 0.9983206995 0.0001632971 visit1
0.4591153841 0.9982068539 0.0001629271 visit1
0.4594631838 0.9982925955 0.0001629061 visit1
0.4598109773 0.9985908825 0.0001629823 visit1
0.4601587718 0.9978072215 0.0001608976 visit1
0.4605065715 0.9975827578 0.0001601341 visit1
0.4608543711 0.9978667779 0.0001601028 visit1
0.4612021712 0.9974167213 0.0001600554 visit1
0.4615499713 0.9974723117 0.0001600528 visit1
0.4618977709 0.9977789224 0.0001600852 visit1
0.4622455705 0.9975600138 0.0001600713 visit1
0.4625933701 0.9972489624 0.0001600550 visit1
0.4629411702 0.9974117122 0.0001600807 visit1
0.4632889698 0.9979098530 0.0001601348 visit1
0.4636367699 0.9976260401 0.0001601607 visit1
0.4639845695 0.9976927386 0.0001602228 visit1
0.4643323636 0.9978116843 0.0001601475 visit1
0.4646801576 0.9974160847 0.0001600517 visit1
0.4650279577 0.9974463293 0.0001600276 visit1
0.4653757573 0.9975620516 0.0001600227 visit1
0.4657235569 0.9976249038 0.0001600163 visit1
0.4660713570 0.9975960913 0.0001600115 visit1
0.4664191562 0.9972932889 0.0001599882 visit1
0.4667669567 0.9974123818 0.0001599748 visit1
0.4671147563 0.9975935569 0.0001599711 visit1
0.4674625560 0.9975824390 0.0001599593 visit1
0.4678103561 0.9975533354 0.0001599491 visit1
0.4681581557 0.9971369253 0.0001599110 visit1
0.4685059558 0.9975683244 0.0001599387 visit1
0.4688537493 0.9972721925 0.0001599124 visit1
0.4692015438 0.9973510429 0.0001599135 visit1
0.4695493435 0.9973194716 0.0001599102 visit1
0.4698971426 0.9974207349 0.0001599171 visit1
0.4702449432 0.9976011103 0.0001599271 visit1
0.4705927428 0.9975427340 0.0001599218 visit1
0.4709405424 0.9975323094 0.0001599194 visit1
0.4712883420 0.9970438232 0.0001598848 visit1
0.4716361421 0.9977458373 0.0001599404 visit1
0.4719839422 0.9976507819 0.0001599409 visit1
0.4726795414 0.9977268013 0.0001599538 visit1
0.4778965153 0.9978309630 0.0001599597 visit1
0.4782443149 0.9976550568 0.0001599504 visit1
0.4785921150 0.9972438193 0.0001599225 visit1
0.4789399146 0.9974851150 0.0001599454 visit1
0.4792877147 0.9973695148 0.0001599417 visit1
0.4796355143 0.9975394862 0.0001599627 visit1
0.4799833139 0.9974582583 0.0001599605 visit1
0.4803311140 0.9971237593 0.0001599349 visit1
0.4806789136 0.9974424686 0.0001599610 visit1
0.4810267133 0.9974737872 0.0001599632 visit1
0.4813745134 0.9975391760 0.0001599706 visit1
0.4817223130 0.9973311585 0.0001600570 visit1
0.4820701070 0.9976216868 0.0001606628 visit1
0.4824179010 0.9973767759 0.0001606901 visit1
0.4827657011 0.9975535189 0.0001605516 visit1
0.4831135008 0.9974890112 0.0001608710 visit1
0.4834613004 0.9976209247 0.0001602266 visit1
0.4838091005 0.9975524924 0.0001599901 visit1
0.4841569001 0.9974386210 0.0001599860 visit1
0.4845046997 0.9973900563 0.0001599861 visit1
0.4848524993 0.9974138774 0.0001599914 visit1
0.4852002999 0.9973295667 0.0001599897 visit1
0.4855480990 0.9973604722 0.0001599989 visit1
0.4858958987 0.9971785610 0.0001599887 visit1
0.4862436932 0.9971793017 0.0001599909 visit1
0.4865914867 0.9972361880 0.0001599970 visit1
0.4869392868 0.9975188677 0.0001600375 visit1
0.4872870864 0.9974680524 0.0001600404 visit1
0.4876348865 0.9972731607 0.0001600434 visit1
0.4879826861 0.9972619650 0.0001600167 visit1
0.4883304858 0.9973157660 0.0001600122 visit1
0.4886782859 0.9974926028 0.0001600151 visit1
0.4890260855 0.9972363372 0.0001599926 visit1
0.4893738856 0.9973043222 0.0001599915 visit1
0.4897216847 0.9970803542 0.0001599631 visit1
0.4900694848 0.9974203422 0.0001599851 visit1
0.4904172849 0.9973089534 0.0001599661 visit1
0.4907650785 0.9970637547 0.0001599355 visit1
0.4911128725 0.9971757569 0.0001599330 visit1
0.4914606726 0.9971652638 0.0001599205 visit1
0.4918084722 0.9975167395 0.0001599400 visit1
0.4921562718 0.9969902100 0.0001598919 visit1
0.4925040724 0.9972737675 0.0001599116 visit1
0.4928518715 0.9972917500 0.0001599083 visit1
0.4931996712 0.9973613211 0.0001599095 visit1
0.4935474712 0.9972675941 0.0001598968 visit1
0.4938952709 0.9970152772 0.0001598809 visit1
0.4942430709 0.9970670245 0.0001599124 visit1
0.4945908706 0.9970853482 0.0001599155 visit1
0.4949386646 0.9973204945 0.0001599447 visit1
0.4952864642 0.9972376597 0.0001599386 visit1
0.4956342583 0.9972721047 0.0001598952 visit1
0.4959820579 0.9977340588 0.0001599302 visit1
0.4963298580 0.9971626076 0.0001598970 visit1
0.4966776581 0.9970991901 0.0001598898 visit1
0.4970254572 0.9973574790 0.0001599028 visit1
0.4973732573 0.9975413615 0.0001599154 visit1
0.4977210574 0.9971551683 0.0001598852 visit1
0.4980688565 0.9971949295 0.0001598884 visit1
0.4984166566 0.9972779972 0.0001598978 visit1
0.4987644567 0.9971002884 0.0001598855 visit1
0.4991122559 0.9973933950 0.0001599111 visit1
0.4994600499 0.9967147389 0.0001598619 visit1
0.4998078444 0.9971530836 0.0001598976 visit1
0.5001556440 0.9974819806 0.0001599284 visit1
0.5005034436 0.9973357804 0.0001599259 visit1
0.5008512437 0.9974490605 0.0001599444 visit1
0.5011990434 0.9970510169 0.0001599255 visit1
0.5015468430 0.9973420912 0.0001599625 visit1
0.5018946431 0.9970493461 0.0001599460 visit1
0.5022424427 0.9973720705 0.0001599771 visit1
0.5025902428 0.9973776018 0.0001599836 visit1
0.5029380424 0.9975855433 0.0001600049 visit1
0.5032858420 0.9974749537 0.0001599999 visit1
0.5036336421 0.9973827652 0.0001599987 visit1
0.5039814361 0.9975545424 0.0001600161 visit1
0.5043292297 0.9973360098 0.0001600094 visit1
0.5046770298 0.9974858200 0.0001602691 visit1
0.5050248299 0.9972764109 0.0001613323 visit1
0.5053726290 0.9974107875 0.0001620582 visit1
0.5057204287 0.9970027973 0.0001612132 visit1
0.5060682292 0.9973186721 0.0001615390 visit1
0.5064160284 0.9973177150 0.0001618005 visit1
0.5067638285 0.9972506393 0.0001605499 visit1
0.5071116285 0.9973253507 0.0001600614 visit1
0.5074594277 0.9969284880 0.0001600112 visit1
0.5078072278 0.9973725377 0.0001600519 visit1
0.5081550214 0.9976033029 0.0001600657 visit1
0.5085028159 0.9974410907 0.0001600627 visit1
0.5088506155 0.9973969772 0.0001600584 visit1
0.5091984151 0.9972876233 0.0001600517 visit1
0.5095462147 0.9975179061 0.0001600695 visit1
0.5098940148 0.9974479710 0.0001600675 visit1
0.5102418144 0.9974915745 0.0001600712 visit1
0.5105896140 0.9975927490 0.0001600780 visit1
0.5109374146 0.9974561559 0.0001600594 visit1
0.5112852138 0.9974437619 0.0001600507 visit1
0.5116330134 0.9972515002 0.0001600279 visit1
0.5119808135 0.9974001229 0.0001600393 visit1
0.5123286131 0.9974918118 0.0001600531 visit1
0.5126764071 0.9972729226 0.0001601121 visit1
0.5130242012 0.9974792608 0.0001600450 visit1
0.5133720068 0.9974480546 0.0001600263 visit1
0.5137198125 0.9973493484 0.0001600111 visit1
0.5140676117 0.9976479203 0.0001600312 visit1
0.5144154117 0.9973721148 0.0001600078 visit1
0.5147632118 0.9974139776 0.0001600110 visit1
0.5151110110 0.9971469657 0.0001599923 visit1
0.5154588111 0.9974263098 0.0001600104 visit1
0.5158066112 0.9975192451 0.0001600196 visit1
0.5161544108 0.9975414408 0.0001600216 visit1
0.5165022104 0.9973431189 0.0001600048 visit1
0.5168500105 0.9972999189 0.0001600014 visit1
0.5171977985 0.9974140483 0.0001600113 visit1
0.5175455981 0.9973260340 0.0001600054 visit1
0.5178933977 0.9975172791 0.0001600182 visit1
0.5182411978 0.9977954631 0.0001600420 visit1
0.5185889979 0.9973444680 0.0001600128 visit1
0.5189367970 0.9974665423 0.0001600274 visit1
0.5192845971 0.9973123845 0.0001600205 visit1
0.5196323972 0.9972536827 0.0001600196 visit1
0.5199801964 0.9972748452 0.0001600239 visit1
0.5203279965 0.9973307830 0.0001600413 visit1
0.5206757965 0.9974808614 0.0001600623 visit1
0.5210235957 0.9973893914 0.0001600550 visit1
0.5213713897 0.9972593863 0.0001600477 visit1
0.5217191838 0.9978015477 0.0001600927 visit1
0.5220669839 0.9975040499 0.0001600684 visit1
0.5224147835 0.9974694105 0.0001600656 visit1
0.5227625831 0.9973492410 0.0001600533 visit1
0.5231103832 0.9972462182 0.0001600430 visit1
0.5234581833 0.9973018047 0.0001600416 visit1
0.5238059824 0.9973943080 0.0001600429 visit1
0.5241537821 0.9972635867 0.0001600324 visit1
0.5245015826 0.9971524292 0.0001600166 visit1
0.5248493818 0.9973611008 0.0001600293 visit1
0.5251971819 0.9974421380 0.0001600349 visit1
0.5255449815 0.9972031842 0.0001600179 visit1
0.5262405695 0.9976409759 0.0001602724 visit1
0.5265883687 0.9976409096 0.0001615206 visit1
0.5272839689 0.9983018450 0.0001625711 visit1
0.5276317685 0.9978880518 0.0001624392 visit1
0.5279795686 0.9985019135 0.0001626799 visit1
0.5283273677 0.9973656484 0.0001607472 visit1
0.5286751678 0.9973981106 0.0001600690 visit1
0.5290229674 0.9974837414 0.0001600386 visit1
0.5293707675 0.9973421109 0.0001600174 visit1
0.5297185672 0.9975128245 0.0001600213 visit1
0.5300663668 0.9973491353 0.0001600145 visit1
0.5304141548 0.9974294160 0.0001600180 visit1
0.5307619548 0.9976427442 0.0001600430 visit1
0.5311097545 0.9980863322 0.0001600828 visit1
0.5314575541 0.9973208880 0.0001600385 visit1
0.5318053542 0.9973730695 0.0001600737 visit1
0.5321531538 0.9971824987 0.0001601208 visit1
0.5325009534 0.9974225580 0.0001600864 visit1
0.5328487535 0.9972714968 0.0001600086 visit1
0.5331965531 0.9976011309 0.0001600106 visit1
0.5335443532 0.9975831206 0.0001599960 visit1
0.5338921524 0.9974963590 0.0001599776 visit1
0.5342399525 0.9974312992 0.0001599639 visit1
0.5345877465 0.9972378865 0.0001599468 visit1
0.5349355401 0.9974359324 0.0001599470 visit1
0.5352833401 0.9974175201 0.0001599274 visit1
0.5356311398 0.9972818659 0.0001599062 visit1
0.5359789398 0.9975744314 0.0001599221 visit1
0.5363267395 0.9973719764 0.0001598992 visit1
0.5366745391 0.9973864262 0.0001598989 visit1
0.5370223392 0.9973161382 0.0001598871 visit1
0.5373701388 0.9973436998 0.0001598861 visit1
0.5377179384 0.9980206681 0.0001599377 visit1
0.5380657385 0.9976204496 0.0001599023 visit1
0.5384135377 0.9974295493 0.0001598865 visit1
0.5387613378 0.9975079848 0.0001598928 visit1
0.5391091262 0.9974548707 0.0001598926 visit1
0.5394569258 0.9976723386 0.0001599119 visit1
0.5398047254 0.9974692052 0.0001598948 visit1
0.5401525251 0.9973014043 0.0001598844 visit1
0.5405003252 0.9973672432 0.0001598895 visit1
0.5408481248 0.9971863988 0.0001598755 visit1
0.5411959244 0.9974472954 0.0001598948 visit1
0.5415437245 0.9972363349 0.0001598781 visit1
0.5418915241 0.9973706010 0.0001598875 visit1
0.5422393237 0.9972649349 0.0001598781 visit1
0.5425871233 0.9972981638 0.0001598800 visit1
0.5429349234 0.9975119388 0.0001598990 visit1
0.5432827114 0.9973951794 0.0001598907 visit1
0.5436305115 0.9974696234 0.0001598960 visit1
0.5439783111 0.9971540941 0.0001598722 visit1
0.5443261112 0.9973504158 0.0001598861 visit1
0.5446739104 0.9970548017 0.0001598634 visit1
0.5450217100 0.9971279565 0.0001598716 visit1
0.5453695105 0.9971816177 0.0001598766 visit1
0.5457173097 0.9972214718 0.0001598795 visit1
0.5460651098 0.9970947209 0.0001598734 visit1
0.5464129094 0.9969340807 0.0001598624 visit1
0.5467607090 0.9972806977 0.0001598902 visit1
0.5471085091 0.9972098888 0.0001598878 visit1
0.5474563083 0.9972130931 0.0001598918 visit1
0.5478040972 0.9976114302 0.0001599294 visit1
0.5481518963 0.9975804467 0.0001599308 visit1
0.5484996964 0.9974997057 0.0001599326 visit1
0.5488474960 0.9973326007 0.0001599220 visit1
0.5491952957 0.9973445888 0.0001599254 visit1
0.5495430958 0.9971647592 0.0001599111 visit1
0.5498908949 0.9975517008 0.0001599604 visit1
0.5502386955 0.9972432744 0.0001602536 visit1
0.5505864951 0.9975448310 0.0001604582 visit1
0.5509342942 0.9973333830 0.0001602637 visit1
0.5512820943 0.9973477910 0.0001604569 visit1
0.5516298939 0.9973168780 0.0001600206 visit1
0.5519776940 0.9974593132 0.0001599435 visit1
0.5523254820 0.9975365429 0.0001599580 visit1
0.5526732816 0.9975685046 0.0001599656 visit1
0.5530210817 0.9977632702 0.0001599832 visit1
0.5533688813 0.9978678414 0.0001600000 visit1
0.5537166810 0.9976024474 0.0001599831 visit1
0.5540644811 0.9972872470 0.0001599627 visit1
0.5544122807 0.9977490989 0.0001600055 visit1
0.5547600803 0.9975350739 0.0001599928 visit1
0.5551078799 0.9975486527 0.0001599999 visit1
0.5554556800 0.9977230857 0.0001600156 visit1
0.5558034792 0.9974577462 0.0001599996 visit1
0.5561512792 0.9975925934 0.0001600039 visit1
0.5564990677 0.9977727485 0.0001600136 visit1
0.5568468673 0.9978296329 0.0001600156 visit1
0.5571946669 0.9977089219 0.0001600028 visit1
0.5575424666 0.9976751438 0.0001599946 visit1
0.5578902666 0.9976629810 0.0001599881 visit1
0.5582380663 0.9973968064 0.0001599614 visit1
0.5585858659 0.9977872380 0.0001599828 visit1
0.5589336660 0.9974463645 0.0001599480 visit1
0.5592814656 0.9974565446 0.0001599370 visit1
0.5596292652 0.9975330484 0.0001599336 visit1
0.5599770653 0.9975273263 0.0001599257 visit1
0.5603248649 0.9975543941 0.0001599238 visit1
0.5606726645 0.9977711646 0.0001599368 visit1
0.5610204525 0.9977456666 0.0001599329 visit1
0.5613682526 0.9978538193 0.0001599375 visit1
0.5617160522 0.9974632186 0.0001599041 visit1
0.5620638519 0.9973062819 0.0001599039 visit1
0.5624116519 0.9976442396 0.0001599909 visit1
0.5627594516 0.9974752589 0.0001599149 visit1
0.5631072512 0.9973975261 0.0001598932 visit1
0.5634550508 0.9974878351 0.0001598977 visit1
0.5638028509 0.9973481635 0.0001598831 visit1
0.5641506505 0.9975286932 0.0001598957 visit1
0.5644984501 0.9974981658 0.0001598910 visit1
0.5648462502 0.9976271075 0.0001599118 visit1
0.5651940438 0.9974060898 0.0001598948 visit1
0.5655418378 0.9973762920 0.0001598902 visit1
0.5658896375 0.9975718832 0.0001599029 visit1
0.5662374375 0.9975115682 0.0001598940 visit1
0.5665852372 0.9974796387 0.0001598926 visit1
0.5669330368 0.9974834533 0.0001598968 visit1
0.5672808364 0.9970109050 0.0001598604 visit1
0.5676286365 0.9975529770 0.0001599053 visit1
0.5679764361 0.9975474474 0.0001599068 visit1
0.5683242353 0.9974983395 0.0001599062 visit1
0.5686720358 0.9971013051 0.0001598760 visit1
0.5690198354 0.9975333495 0.0001599166 visit1
0.5693676351 0.9977154955 0.0001599487 visit1
0.5697154230 0.9977740720 0.0001599577 visit1
0.5700632231 0.9976172096 0.0001599593 visit1
0.5704110228 0.9974312886 0.0001599511 visit1
0.5707588219 0.9977978507 0.0001599854 visit1
0.5711066220 0.9975848540 0.0001599742 visit1
0.5714544337 0.9972747608 0.0001599549 visit1
0.5718022329 0.9974626128 0.0001599744 visit1
0.5721500330 0.9974476668 0.0001599791 visit1
0.5724978326 0.9972889836 0.0001599687 visit1
0.5728456327 0.9974047283 0.0001600792 visit1
0.5731934318 0.9972866381 0.0001608755 visit1
0.5735412319 0.9975668629 0.0001618049 visit1
0.5738890260 0.9975398688 0.0001610593 visit1
0.5742368195 0.9973872990 0.0001611589 visit1
0.5745846196 0.9972982170 0.0001615392 visit1
0.5749324192 0.9973415879 0.0001604255 visit1
0.5752802193 0.9972174895 0.0001600049 visit1
0.5756280185 0.9976191914 0.0001600341 visit1
0.5759758186 0.9973049975 0.0001600127 visit1
0.5763236186 0.9975976278 0.0001600359 visit1
0.5766714178 0.9977732714 0.0001600535 visit1
0.5770192179 0.9974284530 0.0001600256 visit1
0.5773670175 0.9975703725 0.0001600390 visit1
0.5777148171 0.9974706341 0.0001600375 visit1
0.5780626168 0.9974032873 0.0001600296 visit1
0.5784104052 0.9976921601 0.0001600499 visit1
0.5787582053 0.9977832838 0.0001600545 visit1
0.5791060044 0.9977510808 0.0001600420 visit1
0.5794538045 0.9977613074 0.0001600395 visit1
0.5798016042 0.9978881745 0.0001600461 visit1
0.5801494038 0.9976855828 0.0001600319 visit1
0.5804972034 0.9978320598 0.0001600471 visit1
0.5808450035 0.9979845527 0.0001601157 visit1
0.5811928031 0.9977079595 0.0001600312 visit1
0.5815406027 0.9975788448 0.0001600054 visit1
0.5818884023 0.9978599056 0.0001600202 visit1
0.5822362024 0.9979926450 0.0001600297 visit1
0.5825839965 0.9977370288 0.0001600055 visit1
0.5829317900 0.9975575500 0.0001599934 visit1
0.5832795901 0.9975253158 0.0001599891 visit1
0.5836273897 0.9974525237 0.0001599860 visit1
0.5839751894 0.9978989483 0.0001600199 visit1
0.5843229890 0.9975564726 0.0001599907 visit1
0.5846707891 0.9976737983 0.0001600023 visit1
0.5850185887 0.9976664556 0.0001600020 visit1
0.5853663883 0.9975625143 0.0001599930 visit1
0.5857141879 0.9979307211 0.0001600221 visit1
0.5860619880 0.9974736765 0.0001599887 visit1
0.5864097876 0.9977521881 0.0001600133 visit1
0.5867575868 0.9976463978 0.0001600120 visit1
0.5871053813 0.9974738163 0.0001600024 visit1
0.5874531749 0.9975723846 0.0001600111 visit1
0.5878009750 0.9977369056 0.0001600245 visit1
0.5881487746 0.9979648532 0.0001600447 visit1
0.5884965747 0.9977804770 0.0001600290 visit1
0.5888443743 0.9979176429 0.0001600438 visit1
0.5891921734 0.9978369391 0.0001600445 visit1
0.5895399735 0.9979215115 0.0001600566 visit1
0.5898877732 0.9974160306 0.0001600258 visit1
0.5902355732 0.9977077139 0.0001600518 visit1
0.5905833724 0.9975862904 0.0001600461 visit1
0.5909311725 0.9979349614 0.0001600701 visit1
0.5912789665 0.9976907596 0.0001600503 visit1
0.5916267601 0.9979775597 0.0001600678 visit1
0.5919745602 0.9977840738 0.0001600472 visit1
0.5923223598 0.9976070682 0.0001600301 visit1
0.5926701599 0.9978222743 0.0001600420 visit1
0.5930179590 0.9978411339 0.0001600420 visit1
0.5933657591 0.9976450460 0.0001600232 visit1
0.5937135587 0.9979223203 0.0001600431 visit1
0.5940613584 0.9975121509 0.0001600101 visit1
0.5944091580 0.9977422826 0.0001600945 visit1
0.5947569581 0.9984096899 0.0001609356 visit1
0.5954525573 0.9986575271 0.0001622821 visit1
0.5958003518 0.9987884507 0.0001620916 visit1
0.5961481454 0.9984477912 0.0001623309 visit1
0.5964959450 0.9978873398 0.0001606900 visit1
0.5968437446 0.9978100422 0.0001600559 visit1
0.5971915447 0.9979540492 0.0001600423 visit1
0.5975393439 0.9975406816 0.0001600067 visit1
0.5978871440 0.9979223584 0.0001600209 visit1
0.5982349436 0.9980716646 0.0001600358 visit1
0.5985827437 0.9979341781 0.0001600186 visit1
0.5989305428 0.9983334676 0.0001600472 visit1
0.5992783429 0.9977411875 0.0001600013 visit1
0.5996261430 0.9976926915 0.0001600055 visit1
0.5999739422 0.9975943684 0.0001600075 visit1
0.6003217362 0.9976755450 0.0001600537 visit1
0.6006695302 0.9979512183 0.0001600643 visit1
0.6010173303 0.9977355504 0.0001600023 visit1
0.6013651295 0.9976771594 0.0001599820 visit1
0.6017129296 0.9974286884 0.0001599476 visit1
0.6020607292 0.9977103797 0.0001599623 visit1
0.6024085288 0.9978651202 0.0001599635 visit1
0.6027563284 0.9975181403 0.0001599290 visit1
0.6031041285 0.9978074813 0.0001599395 visit1
0.6034519277 0.9978135309 0.0001599291 visit1
0.6037997277 0.9976989492 0.0001599071 visit1
0.6041475274 0.9978228964 0.0001599097 visit1
0.6044953214 0.9979416483 0.0001599113 visit1
0.6048431154 0.9976596829 0.0001598870 visit1
0.6051909151 0.9980053293 0.0001599103 visit1
0.6055387151 0.9976516100 0.0001598808 visit1
0.6058865143 0.9979368298 0.0001598994 visit1
0.6062343144 0.9977019075 0.0001598800 visit1
0.6065821135 0.9977967302 0.0001598900 visit1
0.6069299141 0.9979063185 0.0001598971 visit1
0.6072777133 0.9977121000 0.0001598854 visit1
0.6076255129 0.9977783925 0.0001598900 visit1
0.6079733130 0.9978120998 0.0001598936 visit1
0.6083211126 0.9980549148 0.0001599111 visit1
0.6086689122 0.9977537748 0.0001598870 visit1
0.6090167062 0.9974066122 0.0001598580 visit1
0.6093645003 0.9979153240 0.0001598966 visit1
0.6097122999 0.9980918297 0.0001599113 visit1
0.6100600995 0.9977179304 0.0001598807 visit1
0.6104078991 0.9978213478 0.0001598856 visit1
0.6107556988 0.9979010077 0.0001598915 visit1
0.6111034988 0.9977464154 0.0001598777 visit1
0.6114512985 0.9977669390 0.0001598793 visit1
0.6117990986 0.9979681457 0.0001598959 visit1
0.6121468982 0.9977719248 0.0001598807 visit1
0.6124946973 0.9977371947 0.0001598804 visit1
0.6128424974 0.9982265923 0.0001599184 visit1
0.6131902914 0.9977617322 0.0001598842 visit1
0.6135380855 0.9981641796 0.0001599200 visit1
0.6138858846 0.9979834868 0.0001599057 visit1
0.6142336847 0.9983446662 0.0001599355 visit1
0.6145814843 0.9980916383 0.0001599175 visit1
0.6149292840 0.9976959740 0.0001598868 visit1
0.6152770836 0.9980065087 0.0001599122 visit1
0.6156248837 0.9977728007 0.0001598982 visit1
0.6159726833 0.9978175041 0.0001599134 visit1
0.6163204829 0.9979687446 0.0001599208 visit1
0.6166682825 0.9980533607 0.0001599307 visit1
0.6170160826 0.9981358856 0.0001599409 visit1
0.6173638818 0.9982292806 0.0001599540 visit1
0.6177116758 0.9983063520 0.0001599613 visit1
0.6180594699 0.9979227534 0.0001599339 visit1
0.6184072699 0.9979577487 0.0001600098 visit1
0.6187550691 0.9982125661 0.0001602320 visit1
0.6191028692 0.9981617912 0.0001600826 visit1
0.6194506688 0.9979971124 0.0001601585 visit1
0.6197984684 0.9980389876 0.0001599837 visit1
0.6201462680 0.9980368546 0.0001599687 visit1
0.6204940681 0.9982284442 0.0001599861 visit1
0.6211896674 0.9980575944 0.0001599736 visit1
0.6215374670 0.9980025444 0.0001599676 visit1
0.6218852671 0.9982232300 0.0001599854 visit1
0.6222330602 0.9979846663 0.0001599686 visit1
0.6225808547 0.9981981167 0.0001599879 visit1
0.6229286548 0.9976854272 0.0001599539 visit1
0.6232764539 0.9976804124 0.0001599617 visit1
0.6236242540 0.9980938471 0.0001599993 visit1
0.6239720536 0.9979780886 0.0001599938 visit1
0.6243198537 0.9981411180 0.0001600131 visit1
0.6246676529 0.9982007172 0.0001600211 visit1
0.6250154525 0.9982003554 0.0001600242 visit1
0.6253632526 0.9983872402 0.0001600288 visit1
0.6257110522 0.9981481475 0.0001600058 visit1
0.6260588518 0.9981486748 0.0001600010 visit1
0.6264066459 0.9981112378 0.0001599936 visit1
0.6267544399 0.9985436084 0.0001600220 visit1
0.6271022395 0.9984352117 0.0001600046 visit1
0.6274500387 0.9985856870 0.0001600110 visit1
0.6277978392 0.9982149082 0.0001599750 visit1
0.6281456384 0.9983292313 0.0001599802 visit1
0.6284934385 0.9980478015 0.0001599508 visit1
0.6288412376 0.9981662260 0.0001599546 visit1
0.6291890433 0.9987070099 0.0001599960 visit1
0.6295368490 0.9987364878 0.0001600023 visit1
0.6298846486 0.9985964961 0.0001599843 visit1
0.6302324482 0.9987190745 0.0001599866 visit1
0.6305802483 0.9986322985 0.0001599747 visit1
0.6309280419 0.9986530517 0.0001599689 visit1
0.6312758359 0.9986052983 0.0001599637 visit1
0.6316236355 0.9988837828 0.0001599822 visit1
0.6319714356 0.9988036377 0.0001599757 visit1
0.6323192348 0.9989250959 0.0001599891 visit1
0.6326670349 0.9987618882 0.0001599726 visit1
0.6330148345 0.9988212798 0.0001599755 visit1
0.6333626341 0.9988698031 0.0001599749 visit1
0.6337104337 0.9987761720 0.0001599684 visit1
0.6340582338 0.9986430173 0.0001599554 visit1
0.6344060330 0.9985844451 0.0001599509 visit1
0.6347538331 0.9988124297 0.0001599697 visit1
0.6351016327 0.9988831045 0.0001599771 visit1
0.6354494211 0.9988439114 0.0001599767 visit1
0.6357972203 0.9984650888 0.0001599490 visit1
0.6361450199 0.9986678730 0.0001599684 visit1
0.6378840189 0.9990443368 0.0001600195 visit1
0.6382318181 0.9989951837 0.0001600272 visit1
0.6385796182 0.9991495875 0.0001600478 visit1
0.6389274178 0.9991398331 0.0001600578 visit1
0.6392752174 0.9989845471 0.0001600520 visit1
0.6396230110 0.9989344044 0.0001600531 visit1
0.6399708055 0.9993659682 0.0001600914 visit1
0.6403186051 0.9992519419 0.0001600888 visit1
0.6406664047 0.9992421534 0.0001600907 visit1
0.6410142044 0.9992629247 0.0001601130 visit1
0.6413620044 0.9996384424 0.0001605852 visit1
0.6417098036 0.9995540512 0.0001615340 visit1
0.6420576037 0.9996479615 0.0001610681 visit1
0.6424054033 0.9991845360 0.0001608565 visit1
0.6427532034 0.9995339652 0.0001614386 visit1
0.6431010026 0.9996942079 0.0001604875 visit1
0.6434488022 0.9996390482 0.0001601519 visit1
0.6437966023 0.9999006447 0.0001601783 visit1
0.6441443963 0.9996801305 0.0001601672 visit1
0.6444921899 0.9996611629 0.0001601622 visit1
0.6448399900 0.9996512890 0.0001601683 visit1
0.6451877896 0.9996275951 0.0001601668 visit1
0.6455355892 1.0001450783 0.0001602105 visit1
0.6458833884 1.0000094211 0.0001601970 visit1
0.6462311889 1.0002798319 0.0001602174 visit1
0.6465789881 1.0000563631 0.0001601928 visit1
0.6469267881 1.0002057860 0.0001602011 visit1
0.6472745873 1.0000333588 0.0001601833 visit1
0.6476223869 1.0002322663 0.0001601965 visit1
0.6479701870 1.0004473068 0.0001602138 visit1
0.6483179806 1.0002330574 0.0001601988 visit1
0.6486657807 1.0000773630 0.0001601891 visit1
0.6490135742 1.0002538666 0.0001602374 visit1
0.6493613743 1.0002027706 0.0001601972 visit1
0.6497091735 1.0000815835 0.0001601758 visit1
0.6500569736 0.9999759807 0.0001601589 visit1
0.6504047732 1.0002606773 0.0001601746 visit1
0.6507525728 1.0002737739 0.0001601732 visit1
0.6511003724 0.9999496603 0.0001601491 visit1
0.6514481725 1.0001260941 0.0001601618 visit1
0.6517959717 1.0002043466 0.0001601689 visit1
0.6521437718 1.0001651193 0.0001601667 visit1
0.6524915714 1.0002372482 0.0001601713 visit1
0.6528393654 1.0000300361 0.0001601565 visit1
0.6531871590 1.0000431946 0.0001601572 visit1
0.6535349591 1.0001483027 0.0001601634 visit1
0.6538827587 1.0004918652 0.0001601932 visit1
0.6542305578 1.0000418236 0.0001601613 visit1
0.6545783579 1.0000187464 0.0001601653 visit1
0.6552739576 0.9996738190 0.0001601464 visit1
0.6556217568 1.0001567833 0.0001601848 visit1
0.6559695569 0.9998210588 0.0001601591 visit1
0.6563173565 0.9997469637 0.0001601508 visit1
0.6566651561 1.0001215626 0.0001601806 visit1
0.6570129558 1.0002175439 0.0001601912 visit1
0.6573607498 1.0000124870 0.0001601769 visit1
0.6577085438 0.9996219482 0.0001601501 visit1
0.6580563434 0.9999794913 0.0001601865 visit1
0.6584041431 0.9999620515 0.0001602007 visit1
0.6587519431 1.0001096015 0.0001602123 visit1
0.6590997423 0.9997898819 0.0001601840 visit1
0.6594475419 0.9999712232 0.0001601993 visit1
0.6597953420 0.9997735804 0.0001601813 visit1
0.6601431412 0.9998818594 0.0001601881 visit1
0.6604909413 1.0003344662 0.0001602176 visit1
0.6608387409 1.0002730177 0.0001602074 visit1
0.6611865410 1.0001888894 0.0001601970 visit1
0.6615343341 1.0000358822 0.0001601809 visit1
0.6618821286 0.9999308995 0.0001601735 visit1
0.6622299282 1.0002646566 0.0001601960 visit1
0.6625777278 0.9999763679 0.0001601800 visit1
0.6629255274 1.0002463199 0.0001605267 visit1
0.6632733275 1.0008018846 0.0001618861 visit1
0.6636211271 1.0009091054 0.0001621220 visit1
0.6639689263 1.0008439173 0.0001617888 visit1
0.6643167259 1.0010615030 0.0001621247 visit1
0.6646645260 1.0004127085 0.0001607998 visit1
0.6650123256 1.0000830815 0.0001601914 visit1
0.6653601252 0.9999427518 0.0001601622 visit1
0.6657079253 1.0000958837 0.0001601750 visit1
0.6660557189 1.0002750702 0.0001601744 visit1
0.6664035129 1.0001348535 0.0001601648 visit1
0.6667513121 0.9998576449 0.0001601375 visit1
0.6670991126 0.9999784232 0.0001601410 visit1
0.6674469118 1.0001548025 0.0001601491 visit1
0.6677947114 1.0000669046 0.0001601371 visit1
0.6681425110 0.9999705367 0.0001601288 visit1
0.6684903107 0.9998894924 0.0001601288 visit1
0.6688381108 0.9999104205 0.0001601328 visit1
0.6691859099 1.0002935559 0.0001601508 visit1
0.6695337105 1.0000845488 0.0001601278 visit1
0.6698815096 1.0004014761 0.0001601455 visit1
0.6702293092 0.9998337611 0.0001600916 visit1
0.6705771033 0.9999160097 0.0001600899 visit1
0.6709248978 1.0000754050 0.0001600915 visit1
0.6712726969 1.0000565147 0.0001600806 visit1
0.6716204961 1.0001296090 0.0001600739 visit1
0.6719682962 1.0002566726 0.0001600757 visit1
0.6723160958 0.9999724791 0.0001600444 visit1
0.6726638959 1.0000581001 0.0001600442 visit1
0.6737072947 1.0002392484 0.0001600502 visit1
0.6740550944 1.0001980463 0.0001600498 visit1
0.6744028940 1.0002134033 0.0001600490 visit1
0.6747506876 0.9999321114 0.0001600286 visit1
0.6750984821 0.9999569338 0.0001600279 visit1
0.6754462812 0.9999888154 0.0001600321 visit1
0.6757940813 0.9997612785 0.0001600121 visit1
0.6761418809 0.9999861869 0.0001600282 visit1
0.6764896805 0.9999124297 0.0001600215 visit1
0.6768374802 0.9999234653 0.0001600191 visit1
0.6771852802 0.9998350721 0.0001600099 visit1
0.6775330794 0.9999848636 0.0001600224 visit1
0.6778808790 0.9999024725 0.0001600152 visit1
0.6782286791 1.0000394452 0.0001600227 visit1
0.6785764787 1.0003064124 0.0001600422 visit1
0.6789242784 0.9996889920 0.0001599925 visit1
0.6792720719 0.9995990151 0.0001599844 visit1
0.6796198664 1.0000225504 0.0001600158 visit1
0.6799676656 0.9998427587 0.0001600007 visit1
0.6803154652 0.9998424400 0.0001600001 visit1
0.6806632653 0.9999468027 0.0001600108 visit1
0.6810110649 0.9998977882 0.0001600063 visit1
0.6813588645 0.9997428511 0.0001599958 visit1
0.6817066642 0.9999125971 0.0001600080 visit1
0.6820544642 1.0000981717 0.0001600244 visit1
0.6824022634 0.9998981448 0.0001600115 visit1
0.6827500635 0.9997681503 0.0001600034 visit1
0.6830978631 0.9997256332 0.0001600007 visit1
0.6834456623 0.9997341204 0.0001600046 visit1
0.6837934563 1.0000620292 0.0001600306 visit1
0.6841412499 1.0000637931 0.0001600335 visit1
0.6844890504 0.9997256721 0.0001600096 visit1
0.6848368496 0.9998397412 0.0001600214 visit1
0.6851846497 0.9998411567 0.0001600248 visit1
0.6855324493 0.9998617721 0.0001600284 visit1
0.6858802484 0.9999492549 0.0001600374 visit1
0.6862280485 0.9997704725 0.0001600274 visit1
0.6865758477 0.9997917669 0.0001600339 visit1
0.6869236482 1.0000257304 0.0001600564 visit1
0.6872714530 0.9998559921 0.0001600460 visit1
0.6876192586 1.0003608898 0.0001600875 visit1
0.6879670527 0.9998764653 0.0001600505 visit1
0.6883148463 0.9999006587 0.0001600526 visit1
0.6886626463 1.0000935488 0.0001600685 visit1
0.6890104455 1.0004312955 0.0001600957 visit1
0.6893582456 0.9998876094 0.0001600533 visit1
0.6897060452 0.9998474294 0.0001600974 visit1
0.6900538448 1.0000512950 0.0001600706 visit1
0.6904016444 1.0000571191 0.0001600758 visit1
0.6907494441 1.0000812112 0.0001600805 visit1
0.6910972437 1.0000915955 0.0001600886 visit1
0.6914450433 1.0003085260 0.0001601099 visit1
0.6917928434 1.0001868468 0.0001601076 visit1
0.6921406430 0.9998808431 0.0001600876 visit1
0.6924884361 0.9999498144 0.0001600965 visit1
0.6928362306 0.9998132334 0.0001600952 visit1
0.6931840302 1.0001422278 0.0001601234 visit1
0.6935318299 0.9999688975 0.0001601117 visit1
0.6938796295 1.0001158092 0.0001601219 visit1
0.6942274296 1.0002475020 0.0001601302 visit1
0.6945752292 1.0000057551 0.0001601079 visit1
0.6949230283 1.0004461416 0.0001601394 visit1
0.6952708284 0.9999984669 0.0001601014 visit1
0.6956186281 1.0000860534 0.0001601046 visit1
0.6959664277 1.0000003118 0.0001600957 visit1
0.6963142273 1.0001389326 0.0001601012 visit1
0.6966620274 0.9998901020 0.0001600802 visit1
0.6970098154 0.9998845453 0.0001600729 visit1
0.6973576145 0.9996421282 0.0001600481 visit1
0.6977054146 0.9993799124 0.0001600219 visit1
0.6980532142 0.9998199305 0.0001600523 visit1
0.6984010139 0.9996616782 0.0001600365 visit1
0.6987488135 0.9998193278 0.0001600421 visit1
0.6990966131 1.0000017282 0.0001600518 visit1
0.6994444127 0.9998066780 0.0001600338 visit1
0.6997922123 0.9997960501 0.0001600310 visit1
0.7001400124 0.9996113784 0.0001600146 visit1
0.7004878120 0.9993757261 0.0001599955 visit1
0.7008356117 0.9995448578 0.0001600049 visit1
0.7011834108 0.9997637543 0.0001600195 visit1
0.7015311993 0.9997760352 0.0001600207 visit1
0.7018789994 0.9996923069 0.0001600118 visit1
0.7022267985 0.9995241114 0.0001599992 visit1
0.7025745986 0.9994637294 0.0001599962 visit1
0.7029223982 0.9995358182 0.0001600009 visit1
0.7032701974 0.9994841526 0.0001599988 visit1
